  5   83.84726   -5.02459    8.28   11.06  121.57  209.77   11.00    1.34   11.15  154.05   60.73   11.21    0.76   11.26   25.50    8.90   11.27    0.39   11.12  0.01  17.5   11.28  0.01    0.73  0.01   11.26  0.01    0.50  0.01
  9   83.86135   -5.16620   11.10   10.56  186.42  356.87   10.79    1.72   11.04  155.73   65.52   11.02    0.88   11.26   14.95    7.64   11.09    0.50   11.35  0.00  23.3   11.02  0.01    0.81  0.01   11.06  0.02    0.70  0.02
 10   83.82113   -5.32181    4.92    9.06  244.74  471.64    8.99    1.45    9.28  226.79  117.53    9.27    1.11    9.28   24.14   14.05    9.51    0.71    9.86  0.00  25.2    9.38  0.01    1.04  0.01    9.43  0.02    0.87  0.02
 12   83.81898   -5.32483    3.84    9.31  253.48  467.06    8.97    1.45    9.39  230.37  113.61    9.21    1.11    9.39   25.00   13.45    9.41    0.70    9.84  0.00  25.5    9.32  0.01    1.00  0.01    9.38  0.01    0.82  0.01
 16   83.81604   -5.33532    2.06    9.56  262.57  514.69    9.05    1.60    9.50  201.83  109.82    9.14    1.20    9.39   18.85   11.75    9.30    0.70    9.69  0.00  28.1    9.28  0.01    1.10  0.01    9.35  0.02    0.94  0.02
 17   83.82469   -5.31807    2.93    8.81  236.94  479.42    8.97    1.50    9.28  219.74  118.32    9.32    1.13    9.28   22.50   14.00    9.61    0.70    9.78  0.00  25.2    9.46  0.01    1.04  0.01    9.56  0.02    0.90  0.02
 18   83.81026   -5.31189    3.64   10.06  185.89  332.75    9.26    1.35    9.50  158.00   81.30    9.37    1.04    9.28   15.91    9.78    9.54    0.63    9.77  0.00  23.7    9.44  0.00    1.01  0.00    9.48  0.01    0.86  0.01
 19   83.86445   -5.15861    3.11   10.81  185.31  373.06   11.08    1.84   11.15  144.19   61.40   11.17    0.93   11.15   13.55    6.89   11.16    0.52   11.47  0.01  23.7   11.16  0.01    0.82  0.01   11.18  0.02    0.70  0.02
 21   83.84284   -5.01978    3.61   11.06  126.51  235.88   10.72    1.47   11.04  164.88   67.51   11.13    0.79   11.26   26.93   10.16   11.19    0.44   11.12  0.00  17.0   11.20  0.01    0.77  0.01   11.21  0.01    0.54  0.01
 23   83.82478   -5.00483    2.49   11.06  132.96  245.64   10.67    1.29   11.15  192.03   92.33   10.76    0.85   11.15   33.43   16.48   10.86    0.54   11.08  0.00  17.8   10.76  0.01    0.90  0.01   10.86  0.01    0.65  0.01
 30   83.83122   -5.25931    1.82   10.06  191.03  344.82   10.38    1.47   10.49  146.88   67.72   10.35    1.02   10.60   13.18    7.64   10.60    0.56   10.59  0.00  19.9   10.42  0.01    0.92  0.01   10.57  0.02    0.83  0.02
 32   83.82470   -5.31361    2.94   10.06  217.45  461.28    9.00    1.64    9.28  211.93  117.68    9.39    1.23    9.28   21.70   14.08    9.71    0.72    9.79  0.00  25.1    9.60  0.01    1.04  0.01    9.68  0.02    0.91  0.02
 33   83.85801   -5.09514    2.92   10.81  133.45  273.65   10.70    1.65   11.26  166.45   62.35   11.17    0.85   11.37   23.12    8.66   11.29    0.48   11.45  0.00  17.0   11.27  0.01    0.73  0.01   11.32  0.01    0.56  0.01
 34   83.83522   -5.01365    4.37   11.06  131.64  247.55   10.61    1.38   11.26  189.65   79.56   10.92    0.80   11.15   35.58   13.39   11.04    0.49   11.16  0.00  17.2   10.97  0.01    0.81  0.01   11.08  0.01    0.53  0.01
 35   83.85934   -5.06551    2.03   11.31  118.32  180.23   11.01    1.09   10.71  125.94   54.19   10.92    0.77   10.93   16.03    7.70   10.77    0.50   10.67  0.01  16.4   10.89  0.01    0.82  0.01   10.78  0.01    0.68  0.01
 36   83.87365   -4.97983    1.84   12.06  130.43  174.97   11.83    0.92   11.70  182.87   67.01   11.90    0.67   12.03   27.13   10.94   11.99    0.48   12.10  0.01  18.6   11.91  0.01    0.70  0.01   11.97  0.01    0.57  0.01
 39   83.85962   -5.17263    2.08   10.31  190.46  332.37   10.54    1.42   10.93  160.28   62.87   10.83    0.84   10.93   15.06    7.22   10.99    0.49   11.21  0.01  22.6   10.91  0.01    0.78  0.01   10.98  0.02    0.71  0.02
 40   83.86029   -5.08760    3.89   10.81  126.19  236.55   10.92    1.47   11.37  163.97   55.04   11.27    0.78   11.37   23.43    7.69   11.40    0.37   11.50  0.00  16.5   11.37  0.01    0.66  0.01   11.41  0.01    0.45  0.01
 41   83.78702   -5.93102    3.25    9.81   98.67  217.21    8.53    1.68    8.18   94.78   56.48    8.45    1.19    7.96   13.21    6.69    8.03    0.45    7.25  0.01  14.6    8.10  0.02    1.02  0.02    8.03  0.02    0.69  0.03
 42   83.84709   -5.20066    1.48   10.31  207.93  292.57   10.82    1.14   10.93  166.30   56.53   10.84    0.74   11.04   14.50    5.82   10.94    0.40   11.19  0.00  19.4   10.89  0.01    0.64  0.01   10.98  0.02    0.54  0.02
 43   83.78889   -5.33678    2.93    9.31  182.53  357.53    9.16    1.47    8.29  103.75   59.94    8.88    1.24    8.07   10.18    6.19    8.49    0.60    8.08  0.01  22.6    8.04  0.01    0.44  0.01    8.07  0.03    0.41  0.04
 44   83.82886   -5.01357    1.41   11.06  131.19  255.13   10.58    1.35   11.26  187.12   86.75   10.80    0.83   11.15   35.94   15.29   10.91    0.51   11.08  0.00  17.5   10.84  0.01    0.86  0.01   10.95  0.01    0.61  0.01
 47   83.85118   -5.14224    1.40   10.31  191.05  323.16   10.79    1.37   11.04  180.66   72.17   11.03    0.86   11.15   18.75    7.56   11.23    0.48   11.66  0.00  19.7   11.11  0.01    0.79  0.01   11.22  0.01    0.61  0.01
 49   83.83959   -5.21998    2.99   10.31  201.76  361.13   10.77    1.46   10.71  154.38   66.66   10.69    1.03   10.60   12.99    6.74   10.70    0.49   10.93  0.00  19.8   10.62  0.01    0.84  0.01   10.69  0.02    0.77  0.02
 50   83.85229   -5.13106    2.22   10.31  174.20  305.14   11.01    1.38   11.15  153.74   68.11   11.15    0.83   11.37   16.18    7.75   11.29    0.52   11.74  0.00  19.5   11.18  0.00    0.85  0.00   11.30  0.01    0.67  0.01
 54   83.80960   -5.30330    1.91   10.31  175.27  311.12    9.36    1.46   10.05  131.74   76.26    9.52    1.04    9.06   12.26    8.83    9.67    0.66   10.30  0.01  23.3    9.61  0.04    1.06  0.04   10.36  0.06    0.49  0.03
 55   83.83234   -5.21963    1.10   10.06  187.06  337.93   10.46    1.45   10.71  131.95   59.44   10.46    1.02   10.60   12.58    6.65   10.48    0.46   10.70  0.00  19.3   10.46  0.01    0.88  0.01   10.54  0.03    0.81  0.03
 56   83.82595   -5.00943    1.44   11.31  133.05  255.47   10.63    1.36   11.15  191.71   90.53   10.75    0.84   11.15   36.02   16.19   10.86    0.51   11.07  0.00  17.7   10.77  0.01    0.87  0.01   10.88  0.01    0.62  0.01
 57   83.87378   -4.99644    0.69   11.56  131.02  173.07   11.63    0.99   11.59  158.97   58.87   11.67    0.71   11.81   18.35    8.11   11.77    0.50   12.05  0.02  18.5   11.68  0.00    0.73  0.00   11.74  0.01    0.64  0.01
 58   83.84570   -5.21045    6.84   10.31  207.33  331.84   10.89    1.31   10.82  175.87   63.39   10.85    0.85   10.82   14.33    6.64   10.90    0.42   10.96  0.00  19.7   10.80  0.01    0.69  0.01   10.87  0.02    0.60  0.02
 59   83.80631   -5.96555    1.74    9.81  103.92  212.57    8.69    1.75    7.74   91.33   56.25    8.41    1.12    7.74   16.21    7.04    7.78    0.40    7.50  0.01  15.1    7.47  0.03    0.44  0.04    7.79  0.02    0.54  0.02
 63   83.74833   -5.35940    2.05    9.31  163.53  310.48    9.09    1.41    8.62  133.15   69.07    8.96    1.06    8.29   18.90    8.98    8.64    0.49    8.62  0.01  21.4    8.82  0.01    0.98  0.01    8.62  0.01    0.67  0.01
 65   83.80722   -5.44595    7.74    8.81  302.79  654.29    9.37    1.64    8.84  240.59  165.12    9.42    1.38    8.62   20.96   16.41    9.22    1.10    8.65  0.02  27.3    8.56  0.03    0.62  0.04    8.59  0.02    0.52  0.03
 68   83.86681   -5.17436    1.04   10.81  186.82  290.71   10.77    1.17   11.15  163.13   58.97   10.94    0.76   11.26   15.02    6.60   11.08    0.44   11.19  0.00  22.1   11.01  0.01    0.70  0.01   11.06  0.02    0.63  0.02
 69   83.85507   -5.04317    1.04   11.06  120.38  160.40   11.11    0.98   11.15  157.19   48.03   11.14    0.60   11.04   20.28    5.50   11.13    0.34   11.04  0.00  16.4   11.13  0.00    0.59  0.00   11.11  0.01    0.44  0.01
 70   83.73424   -5.76767    2.92    8.56  104.88  188.76    8.31    1.56    8.51  125.43   64.01    7.93    1.17    8.51   16.38    9.95    7.66    0.74    7.46  0.01  15.9    7.84  0.03    1.19  0.03    7.78  0.03    1.01  0.03
 72   83.81564   -4.99858    1.11    9.81  121.56  256.48   10.57    1.37   10.82  176.79   97.43   10.70    0.96   11.15   31.18   14.33   10.87    0.63   11.13  0.01  18.0   10.75  0.01    1.04  0.01   10.96  0.01    0.73  0.01
 73   83.78455   -5.59903    1.90    7.56  140.37  272.48    7.97    1.56    8.07  177.24   83.85    7.77    1.15    8.18   29.73   11.90    7.76    0.59    7.85  0.01  15.9    7.73  0.02    0.97  0.02    7.93  0.02    0.64  0.02
 77   83.77707   -4.91264    0.68   11.31  216.75  237.23   11.92    0.92   11.15  217.22   66.08   11.87    0.84   11.26   16.62    5.06   11.67    0.70   11.09  0.00  18.7   11.19  0.00    0.31  0.00   11.18  0.01    0.24  0.01
 81   83.67071   -5.52846    1.42   10.56   81.06  179.50    8.93    1.63    7.19   94.86   37.00    7.99    1.38    7.08   14.80    5.62    7.03    0.32    6.86  0.02  14.3    7.14  0.01    0.55  0.01    7.07  0.02    0.46  0.02
 82   83.84701   -5.12541    2.39   10.31  163.67  292.00   10.85    1.42   10.82  159.72   70.10   11.09    0.81   11.37   18.97    8.49   11.28    0.51   11.72  0.00  19.3   11.11  0.01    0.81  0.01   11.30  0.01    0.65  0.01
 83   83.77700   -4.94065    1.83   11.06  160.85  277.13   11.66    1.25   10.93  222.32   76.71   11.44    1.07   11.04   19.82    7.57   10.94    0.28   11.12  0.00  17.7   10.90  0.01    0.39  0.01   10.97  0.02    0.38  0.02
 84   83.83829   -5.24769    1.59   10.31  185.63  334.72   10.57    1.43   10.49  164.47   69.88   10.50    1.01   10.60   15.82    7.37   10.64    0.49   10.73  0.00  19.6   10.51  0.01    0.86  0.01   10.62  0.02    0.71  0.02
 91   83.77017   -5.40508    1.25    8.56  189.66  349.25    8.78    1.39    8.62  122.27   71.28    9.07    1.31    8.62    9.93    6.89    8.86    0.47    8.47  0.03  23.6    8.93  0.02    1.24  0.02    8.90  0.04    1.18  0.04
 93   83.78789   -5.97440    1.34    9.06   81.40  177.61    8.94    1.69    8.29  100.36   42.25    8.49    0.83    8.07   26.95    8.32    8.21    0.37    8.14  0.01  14.0    8.43  0.01    0.82  0.01    8.14  0.01    0.37  0.01
 95   83.80558   -4.99034    0.49    9.06  137.09  284.71   10.44    1.37   10.93  183.08   96.08   10.75    1.03   11.04   33.10   11.05   11.11    0.44   11.21  0.01  17.8   10.90  0.02    1.08  0.02   11.11  0.01    0.53  0.01
 97   83.77125   -5.62290    1.08    7.56  132.89  253.04    8.11    1.47    8.51  152.32   75.01    8.06    1.04    8.51   22.33   10.26    8.11    0.68    8.49  0.01  15.0    8.57  0.03    0.51  0.02    8.56  0.01    0.40  0.01
 99   84.04762   -6.17912    1.92    9.06  102.97  149.85    8.50    1.25    8.62  105.81   39.57    8.46    0.81    8.18   14.43    4.71    8.36    0.36    8.05  0.00  13.3    8.57  0.01    0.72  0.01    8.33  0.02    0.50  0.02
100   83.85114   -5.20867    1.68   10.56  211.88  327.32   10.96    1.26   10.71  175.19   61.38   10.84    0.85   10.60   13.98    5.90   10.82    0.39   10.89  0.00  19.6   10.75  0.01    0.66  0.01   10.78  0.02    0.56  0.02
101   83.86029   -5.10059    2.45   10.81  137.94  258.95   10.89    1.50   11.26  173.64   63.91   11.25    0.78   11.37   27.12    9.77   11.41    0.45   11.44  0.00  17.6   11.30  0.01    0.72  0.01   11.40  0.01    0.50  0.01
105   83.84746   -5.11968    2.03   10.56  154.28  288.17   10.58    1.47   11.26  163.44   64.67   11.03    0.87   11.37   17.92    7.52   11.26    0.47   11.45  0.01  19.1   11.14  0.01    0.75  0.01   11.28  0.01    0.60  0.01
107   83.76559   -5.30012    0.73    9.81  119.63  288.37    9.80    1.85    9.17   60.51   41.95    9.28    1.31    7.85    6.59    4.72    8.29    0.51    7.91  0.02  16.7    7.93  0.02    0.31  0.03    7.84  0.04    0.24  0.04
108   83.84002   -5.24101    2.25   10.56  194.41  326.97   10.63    1.37   10.49  171.30   68.33   10.58    1.00   10.49   15.34    7.05   10.60    0.41   10.67  0.00  19.7   10.54  0.01    0.80  0.01   10.59  0.02    0.65  0.02
109   83.84306   -5.17037    0.66   10.06  160.02  311.38   10.28    1.48   11.26  146.53   56.12   10.87    0.97   11.37   16.63    6.88   11.23    0.43   11.52  0.00  19.0   11.08  0.02    0.84  0.02   11.24  0.02    0.59  0.02
110   83.88081   -5.01031    0.52   11.56  124.89  176.31   11.42    1.02   11.26  135.72   51.37   11.43    0.83   11.26   12.75    6.19   11.26    0.44   13.10  0.02  19.9   11.58  0.03    1.09  0.03   13.04  0.05   -0.33  0.05
114   83.80598   -5.45109    1.91    8.56  264.04  613.55    9.19    1.70    8.84  199.23  157.83    9.34    1.44    8.40   17.12   15.76    9.22    1.22    8.71  0.01  25.6    8.82  0.01    1.22  0.01    8.63  0.03    1.07  0.03
116   83.85353   -5.13791    1.03   10.31  187.66  309.09   10.90    1.34   11.04  175.00   71.37   11.07    0.82   10.93   17.10    7.62   11.22    0.49   11.68  0.00  19.8   11.11  0.00    0.80  0.00   11.23  0.01    0.65  0.01
117   83.70287   -4.92851    0.60   10.56  126.44  210.15   11.09    1.42   10.49  131.25   44.29   10.55    0.97   10.49   19.73    6.31   10.58    0.29     nan   nan  20.4   10.21  0.04    1.10  0.03   10.57  0.01    0.37  0.01
121   83.96774   -6.16719    0.87    8.81   96.31  154.25    8.29    1.27    8.62   92.04   40.37    8.32    0.87    8.07   13.34    6.29    8.44    0.41    8.38  0.04  14.7    8.58  0.01    0.73  0.01    8.44  0.02    0.61  0.02
122   83.77141   -5.57990    1.13    7.56  158.05  321.18    7.69    1.68    7.30  186.03  104.26    7.36    1.36    7.19   21.08   11.07    7.00    0.66    7.12  0.00  17.0    7.13  0.01    1.10  0.01    7.03  0.02    0.84  0.02
125   83.86634   -5.11958    0.65   10.81  155.63  307.49   10.78    1.42   11.37  164.62   65.10   11.05    0.97   11.48   19.16    7.47   11.37    0.42   11.72  0.01  19.2   11.27  0.02    0.83  0.02   11.41  0.01    0.51  0.01
127   83.78911   -5.31285    1.11    9.81  157.78  310.17    9.34    1.40    9.06  103.20   56.74    9.28    1.09    8.95   10.16    6.22    9.14    0.65    8.89  0.01  21.2    8.67  0.05    0.50  0.07    8.86  0.05    0.72  0.04
128   83.75322   -5.27003    0.52    9.81  105.50  237.18    9.32    1.54    9.61  121.29   53.60    9.36    0.99    9.50   18.22    7.45    9.40    0.37    9.54  0.02  17.9    9.39  0.01    0.91  0.01    9.44  0.02    0.49  0.02
129   83.88409   -5.09695    3.30   11.31  152.76  309.96   11.25    1.74   11.81  168.01   68.62   11.66    0.98   11.92   26.07   10.42   11.91    0.45   12.08  0.02  18.5   11.77  0.01    0.80  0.01   11.93  0.01    0.53  0.01
130   83.87380   -4.97238    1.74   12.06  142.68  180.09   11.80    0.87   11.70  198.60   67.02   11.81    0.62   11.59   30.85    9.98   11.81    0.40   11.62  0.01  19.4   11.81  0.01    0.65  0.01   11.77  0.01    0.46  0.01
133   84.15429   -6.25039    0.83    7.81   76.57  140.12    7.78    1.31    7.74   87.36   39.76    7.67    0.88    7.63   15.66    7.65    7.83    0.42    7.35  0.05  15.5    7.78  0.01    0.86  0.01    7.80  0.02    0.61  0.02
134   83.80037   -5.57433    0.90    8.06  158.85  288.67    7.78    1.66    7.96  168.70   79.74    7.62    1.16    7.96   28.48   11.56    7.73    0.47    8.13  0.00  18.0    7.67  0.02    0.92  0.02    7.81  0.01    0.50  0.01
137   83.86283   -5.19270    0.74   10.81  200.71  256.21   11.01    1.09   10.93  171.68   48.43   10.85    0.63   10.82   14.45    4.66   10.84    0.36   11.02  0.00  19.7   10.85  0.00    0.54  0.00   10.85  0.02    0.52  0.02
139   83.84413   -5.11082    0.61   10.56  139.37  253.87   10.48    1.54   10.93  185.42   64.64   11.00    0.71   10.93   22.81    9.01   11.12    0.44   11.05  0.01  19.3   11.03  0.00    0.67  0.00   11.08  0.01    0.53  0.01
142   83.88501   -5.10955    0.45   11.31  143.42  270.24   10.79    1.58   11.59  138.12   50.32   11.48    0.88   11.59   17.71    5.92   11.72    0.47   11.75  0.01  18.1   11.66  0.01    0.71  0.01   11.71  0.02    0.59  0.02
144   83.83382   -5.08503    1.75   10.81  118.56  291.27    9.95    1.85   10.82  173.97   93.01   10.46    1.09   10.93   19.79   12.24   10.71    0.78   10.91  0.04  19.4   11.00  0.02    0.74  0.01   11.05  0.03    0.51  0.04
147   83.82629   -5.20081    0.31   10.06  154.63  289.69   10.08    1.38   10.71  143.85   58.61   10.36    0.94   10.82   16.11    6.32   10.72    0.36   10.69  0.01  18.0   10.55  0.01    0.81  0.01   10.71  0.02    0.54  0.02
153   83.78853   -5.86895    1.75    8.56   94.82  181.31    7.81    1.57    6.86   94.78   39.55    7.49    0.97    6.86   13.01    6.20    7.31    0.48    6.94  0.01  13.7    6.82  0.01    0.31  0.01    6.88  0.02    0.19  0.03
154   83.73949   -5.76451    1.02    8.31  104.13  195.29    8.31    1.58    8.40  121.41   65.13    7.82    1.20    8.51   14.67    9.32    7.51    0.79    7.34  0.01  15.8    7.69  0.03    1.25  0.03    7.57  0.04    1.10  0.04
161   83.87602   -5.10059    0.72   11.31  143.57  306.27   10.82    1.70   11.70  166.05   63.32   11.47    0.96   11.81   23.00    8.89   11.77    0.42   11.95  0.02  18.5   11.69  0.01    0.73  0.01   11.77  0.01    0.53  0.01
164   83.75679   -5.25595    1.10    9.81  115.43  213.99    9.28    1.35    9.50  136.08   63.83    9.38    0.93    9.17   18.92    8.73    9.28    0.57    9.14  0.03  17.4    9.37  0.01    0.94  0.01    9.26  0.01    0.70  0.01
165   83.68338   -5.69030    1.20    9.31   81.44  189.19    8.11    1.73    7.85   88.77   51.34    8.34    1.14    7.74   15.21    5.75    7.69    0.27    7.67  0.02  13.5    7.74  0.01    0.77  0.01    7.70  0.01    0.38  0.01
166   83.86629   -5.06040    0.61   10.81  114.50  175.69   10.87    1.10   10.93  152.24   55.08   10.89    0.68   10.82   21.91    8.24   10.81    0.44   10.93  0.01  16.7   10.85  0.00    0.69  0.00   10.82  0.01    0.55  0.01
167   83.86085   -5.06032    1.95   11.06  116.22  172.95   10.95    1.06   10.93  145.54   53.47   10.91    0.69   10.93   20.37    8.02   10.81    0.45   10.95  0.01  16.4   10.88  0.00    0.71  0.00   10.82  0.01    0.57  0.01
169   83.76035   -5.41373    0.66    9.31  150.77  324.99    9.49    1.57    8.95  107.69   78.97    9.57    1.42    8.73    8.87    7.75    9.35    0.93    9.03  0.12  23.4    8.96  0.01    1.08  0.01    8.90  0.04    0.89  0.04
170   83.82585   -5.22697    0.31   10.06  179.23  330.88   10.26    1.44   10.60  135.70   55.62   10.30    0.94   10.60   14.05    6.18   10.48    0.36   10.75  0.01  19.6   10.39  0.01    0.78  0.01   10.45  0.02    0.59  0.02
172   83.78475   -5.85627    1.78    8.56  110.94  190.83    7.72    1.69    6.75  101.66   39.02    7.34    1.25    6.75   16.54    5.14    6.69    0.22    6.67  0.00  14.0    6.62  0.01    0.46  0.02    6.68  0.02    0.36  0.02
174   83.76215   -5.60311    1.68    7.81  146.22  269.42    7.90    1.57    7.30  177.90   94.14    7.54    1.23    7.08   36.53   14.60    7.25    0.66    7.11  0.00  16.2    7.29  0.01    0.92  0.02    6.99  0.01    0.35  0.02
177   83.85584   -5.09951    0.67   10.81  133.86  262.72   10.67    1.57   11.15  168.32   63.51   11.09    0.80   11.37   22.01    8.94   11.19    0.46   11.42  0.00  17.6   11.13  0.00    0.75  0.00   11.22  0.01    0.59  0.01
179   83.85463   -5.25948    0.27   10.31  206.59  323.41   10.31    1.16   10.49  136.10   52.84   10.34    0.89   10.71    9.60    3.73   10.50    0.27   10.37  0.11  21.3   10.44  0.01    0.75  0.01   10.50  0.02    0.56  0.02
180   83.82183   -5.07955    0.54   11.31  119.44  257.63   10.26    1.43   10.49  184.31  100.48   10.34    1.03   10.60   19.09   12.98   10.41    0.82   10.08  0.06  22.5    9.86  0.70    1.05  0.22   10.07  0.24    1.01  0.09
181   83.89253   -4.99704    0.61   11.56  124.56  141.37   11.41    0.84   11.59  159.33   42.03   11.51    0.54   11.70   20.88    5.12   11.61    0.33   11.67  0.02  19.4   11.55  0.00    0.50  0.00   11.63  0.01    0.37  0.01
182   83.77374   -4.90811    2.41   11.31  197.93  227.18   11.83    0.91   11.15  200.31   59.11   11.71    0.82   11.26   15.81    3.82   11.33    0.49   10.94  0.01  18.8   11.16  0.00    0.35  0.00   11.15  0.01    0.26  0.01
189   83.72439   -5.77180    2.04    8.31  108.54  179.76    8.22    1.49    8.29  126.81   57.16    8.10    1.00    8.29   19.13    9.47    8.18    0.61    8.17  0.01  16.0    8.12  0.02    0.99  0.02    8.24  0.02    0.74  0.02
191   83.75644   -5.30353    0.31    9.81  124.88  276.07    9.53    1.59    8.84   96.35   47.26    9.18    1.10    8.73   12.62    5.07    8.73    0.36    8.52  0.05  16.3    9.03  0.02    1.03  0.02    8.77  0.02    0.62  0.02
192   83.86733   -5.08365    0.55   11.31  125.25  203.51   11.30    1.36   11.26  163.89   52.09   11.37    0.72   11.37   21.79    6.42   11.40    0.35   11.43  0.00  16.4   11.38  0.01    0.62  0.01   11.37  0.01    0.44  0.01
193   83.82760   -5.23540    0.63   10.31  185.92  344.48   10.28    1.41   10.60  139.44   58.80   10.31    1.01   10.60   14.25    7.13   10.45    0.44   10.71  0.00  21.1   10.39  0.01    0.85  0.01   10.47  0.02    0.69  0.02
194   83.79358   -5.92738    1.51    8.31   99.94  212.88    8.62    1.57    7.85   90.34   50.31    8.37    1.15    7.96   11.12    5.47    7.82    0.38    7.42  0.00  14.3    7.90  0.01    0.87  0.01    7.82  0.03    0.65  0.03
197   83.87226   -5.20200    1.25   11.06  189.77  246.77   10.95    0.96   10.49  132.84   43.16   10.74    0.66   10.49   11.63    4.69   10.48    0.26   10.52  0.01  19.8   10.69  0.01    0.64  0.01   10.51  0.02    0.48  0.02
198   83.77046   -4.95716    1.52   10.06  133.66  273.41   11.33    1.33   11.26  178.84   83.20   11.04    1.04   11.37   22.29    8.16   11.13    0.44   11.46  0.01  18.3   11.40  0.01    0.44  0.01   11.25  0.02    0.47  0.02
199   83.80018   -5.95131    1.49    9.81  105.33  227.90    8.87    1.72    7.96   92.42   54.60    8.55    1.09    7.96   12.13    6.03    8.14    0.48    7.75  0.01  14.1    7.72  0.02    0.34  0.03    8.08  0.03    0.75  0.03
203   83.82688   -5.08047    0.58   10.81  119.07  259.88   10.26    1.49   10.82  176.70  100.87   10.36    1.05   11.04   19.00   13.26   10.42    0.90    9.74  0.05  20.7   10.11  0.04    0.98  0.02    9.27  0.07    0.67  0.06
207   83.76871   -4.92399    0.42   11.56  194.19  258.10   11.96    0.98   11.15  214.91   63.95   11.73    0.88   11.04   16.80    5.47   11.14    0.24   11.12  0.01  18.3   11.11  0.00    0.36  0.00   11.11  0.01    0.29  0.01
208   83.78403   -4.93252    0.32   11.56  206.01  283.23   11.80    0.99   11.04  255.81   87.92   11.57    0.85   11.15   14.17    7.00   11.23    0.58   11.16  0.03  18.3   11.07  0.01    0.46  0.01   11.11   inf    0.57   inf
211   83.72458   -4.95249    0.98   11.06  127.22  208.92   11.09    1.24   10.82  126.99   40.19   10.92    0.78   10.93   18.73    4.93   10.87    0.27   10.91  0.01  16.7   10.85  0.01    0.61  0.01   10.86  0.01    0.36  0.01
213   83.92177   -5.04128    0.94   11.31  108.08  124.87   11.11    1.12   11.59  111.46   29.41   11.50    0.54   11.59   11.47    4.38   11.58    0.25   11.98  0.02  14.8   11.55  0.01    0.52  0.01   11.56  0.02    0.46  0.02
220   83.75208   -5.66773    0.73    7.56  112.10  219.72    8.17    1.45    7.19  121.36   69.87    8.16    1.05    7.19   13.89    8.51    8.12    0.84    8.47  0.02  17.6    9.11  0.06    0.71  0.03    8.20  0.04    0.34  0.04
221   83.73876   -5.34577    0.72    9.56  148.92  314.03    9.26    1.56    8.62  123.62   69.37    9.01    1.16    8.51   18.66    8.75    8.64    0.59    8.55  0.05  20.5    8.83  0.02    1.11  0.02    8.61  0.02    0.76  0.02
223   83.75273   -4.97396    0.28   12.57  143.38  256.77   11.47    1.42   10.82  109.60   49.11   11.31    1.06   10.93   12.68    4.71   10.88    0.29   10.84  0.01  16.8   10.80  0.02    0.41  0.02   10.89  0.02    0.45  0.02
225   83.78123   -5.94482    0.88    9.56   97.88  187.09    8.65    1.57    8.62  104.32   44.06    8.54    0.89    8.18   18.92    7.55    8.47    0.40    8.22  0.00  13.0    8.56  0.01    0.80  0.01    8.44  0.01    0.51  0.01
226   83.76019   -5.63125    0.69    7.56  138.98  244.83    8.13    1.44    8.73  133.06   70.63    7.98    1.01    8.73   21.61    8.29    7.89    0.79    8.70  0.00  14.9    8.69  0.02    0.50  0.02    8.68  0.01    0.33  0.01
228   83.75243   -5.36597    0.56    9.31  172.73  324.55    9.15    1.40    8.51  121.09   71.41    9.03    1.13    8.40   15.25    8.21    8.75    0.59    8.68  0.02  22.1    8.93  0.01    1.15  0.01    8.69  0.02    0.85  0.02
231   83.79408   -4.99982    1.21   11.81  128.41  265.87   10.45    1.47   11.48  166.19   82.75   10.75    1.02   11.26   18.44   10.64   10.90    0.58   10.59  0.02  19.1   10.93  0.02    1.03  0.02   10.95  0.02    0.78  0.02
232   83.82275   -4.94168    0.32   12.57  153.49  188.13   12.14    0.82   12.36  194.89   63.83   12.15    0.63   12.47   15.81    5.70   12.38    0.44   12.65  0.02  23.3   12.22  0.01    0.62  0.01   12.41  0.02    0.56  0.02
234   83.78691   -5.88847    0.81    8.31   95.36  193.52    7.90    1.95    7.96   65.87   33.41    7.88    0.90    7.74    7.28    3.42    7.82    0.33    7.79  0.01  13.9    7.79  0.02    0.95  0.02    7.80  0.04    0.79  0.04
235   83.74957   -5.33127    0.29   10.06  137.60  308.53    9.13    1.70    7.52   72.09   46.47    8.77    1.44    7.41    8.24    5.19    7.83    0.41    7.66  0.04  16.4    7.65  0.01    0.65  0.01    7.74  0.05    0.58  0.05
239   83.75886   -5.29740    0.34    9.56  120.20  293.53    9.77    1.85    8.62   79.94   44.71    9.20    1.21    8.73    9.65    4.45    8.66    0.30    8.59  0.06  16.3    8.98  0.02    1.18  0.02    8.70  0.03    0.69  0.03
240   83.71620   -4.93830    0.26   11.06  135.69  205.49   11.36    1.26   10.93  124.33   40.60   11.00    0.89   10.93   14.42    4.44   10.88    0.32   11.04  0.06  18.1   10.81  0.01    0.51  0.01   10.87  0.02    0.43  0.02
241   83.77792   -4.93596    0.46   11.31  176.59  279.50   11.77    1.13   10.93  241.23   80.53   11.49    0.98   10.93   18.51    7.63   10.94    0.28   11.09  0.00  17.9   10.97  0.00    0.48  0.00   10.95  0.01    0.29  0.01
245   83.82808   -5.06771    0.22   11.06  119.55  245.82   10.96    1.39   10.49  158.20   77.68   10.74    0.89   11.26   15.40    9.14   10.75    0.66   10.12  0.03  21.8   10.71  0.01    0.96  0.01   10.79  0.02    0.90  0.02
246   83.87723   -5.87634    1.10    8.06   69.00  117.29    8.29    1.26    7.74   95.02   39.19    7.90    0.79    7.74   13.15    5.30    7.71    0.42    7.30  0.01  12.0    7.82  0.01    0.80  0.01    7.71  0.02    0.59  0.02
247   83.81210   -5.27932    0.49   10.31  176.43  307.91    9.84    1.28   10.27  144.35   71.59    9.88    1.00   10.05   14.18    8.01    9.99    0.59   10.42  0.04  25.2    9.99  0.01    0.99  0.01   10.02  0.02    0.80  0.02
249   83.84900   -5.09092    0.30   11.06  123.30  265.68   10.40    1.69   10.93  143.64   57.59   10.95    0.82   10.71   16.14    7.15   11.02    0.47   11.32  0.01  16.9   11.01  0.01    0.75  0.01   11.01  0.01    0.64  0.01
250   83.87190   -4.99081    1.65   11.81  127.71  167.48   11.82    0.94   11.70  170.96   61.11   11.83    0.68   12.03   22.42    9.65   11.89    0.46   11.79  0.01  18.5   11.85  0.01    0.68  0.01   11.91  0.01    0.57  0.01
254   83.90602   -6.16198    0.45    9.31   76.87  134.06    8.56    1.38    9.28   84.88   39.04    8.47    1.04    9.39   10.98    4.42    8.99    0.39    7.18  0.02  14.4    8.07  0.05    1.14  0.03    8.21  0.09    0.93  0.07
256   83.79314   -5.27891    0.46   10.31  161.82  292.95    9.77    1.33    9.28  150.19   75.16    9.61    1.01    9.39   17.83    9.52    9.41    0.61    9.35  0.06  21.8    9.54  0.01    1.03  0.01    9.35  0.02    0.77  0.02
257   83.75793   -5.23305    0.44   10.56  124.88  235.74    9.69    1.40    9.94  139.03   61.96    9.79    0.91    9.61   19.45    8.32    9.73    0.47    9.86  0.06  15.7    9.85  0.01    0.88  0.01    9.76  0.01    0.61  0.01
259   83.74219   -5.33073    0.29   10.31  117.53  277.77    9.02    1.66    7.63   62.79   43.56    8.78    1.36    7.74    6.17    4.16    7.95    0.36    8.20  0.06  16.0    8.64  0.03    1.53  0.03    8.37  0.06    1.10  0.06
260   83.81226   -5.26960    0.67   10.06  179.25  300.00    9.90    1.24   10.27  164.92   72.96   10.03    0.97   10.27   17.57    8.03   10.11    0.52   10.39  0.02  21.2   10.11  0.01    0.91  0.01   10.16  0.02    0.71  0.02
264   83.75742   -5.92680    4.16    8.81   91.97  173.25    8.72    1.52    8.29   96.21   44.66    8.41    0.95    8.18   20.78    7.84    8.22    0.44    8.04  0.00  13.5    8.32  0.01    0.85  0.01    8.17  0.01    0.54  0.01
265   84.10731   -6.23729    0.94    8.81   96.45  146.11    8.11    1.27    8.51  101.25   43.93    8.17    0.87    8.29   20.76    8.50    8.26    0.43    7.99  0.01  12.8    8.36  0.01   -0.75  0.01    8.28  0.01    0.55  0.01
266   83.91805   -5.11422    0.32   11.06  117.26  205.46   11.49    1.32   12.14  109.21   47.11   11.88    0.84   12.36   13.95    6.44   12.04    0.46   12.36  0.02  19.2   11.99  0.01    0.87  0.01   12.09  0.02    0.68  0.02
269   83.83881   -5.17787    0.71   10.31  153.85  320.39   10.45    1.60   11.26  151.48   54.78   11.01    1.05   11.37   17.32    6.23   11.37    0.33   11.51  0.00  18.7   11.21  0.02    0.80  0.02   11.32  0.02    0.52  0.02
274   83.70746   -5.77024    0.59    8.06   91.70  168.02    8.20    1.37    8.18  108.44   52.86    8.38    0.88    8.84   17.68    8.61    8.63    0.53    8.26  0.02  16.3    8.29  0.01    0.87  0.01    8.69  0.02    0.68  0.02
282   84.09522   -6.21789    0.39    9.31  109.75  148.79    8.32    1.37    8.73  103.11   45.48    8.44    0.93    8.07   18.39    7.53    8.46    0.48    8.05  0.01  13.9    7.92  0.01    0.35  0.01    8.01  0.02    0.27  0.02
283   83.85865   -5.87194    1.11    8.31   69.22  114.67    8.47    1.34    7.96   90.06   35.32    7.87    0.79    7.85   24.55    7.49    7.64    0.37    7.43  0.01  12.0    7.72  0.01    0.70  0.01    7.69  0.02    0.47  0.02
287   83.66783   -5.52075    0.89   10.06   87.33  187.32    8.73    1.62    7.19   94.89   41.08    8.06    1.38    6.97   15.21    5.25    6.98    0.30    6.94  0.02  14.2    7.12  0.01    0.58  0.01    7.01  0.02    0.42  0.02
291   83.77259   -5.30811    0.18    9.81  130.32  261.08    9.57    1.56    9.39   72.63   40.46    9.54    1.12    9.61    6.65    4.65    9.68    0.33    0.00  0.00  17.9    9.58  0.01    1.11  0.01    9.56  0.04    1.05  0.04
292   83.88603   -5.15899    0.27   11.06  179.15  236.62   11.15    1.04   11.04  171.99   51.02   11.05    0.65   11.04   18.17    6.25   11.06    0.34   11.06  0.07  22.5   11.06  0.01    0.57  0.01   11.06  0.01    0.44  0.01
293   83.90896   -5.01580    0.40   11.56  114.02  119.63   11.41    0.76   11.59  129.47   31.03   11.47    0.53   11.70   15.34    4.05   11.56    0.22   11.54  0.02  15.5   11.54  0.01    0.45  0.01   11.58  0.01    0.34  0.01
294   84.10313   -6.23431    3.60    9.06   95.80  150.21    8.21    1.31    8.62  103.06   46.01    8.23    0.92    8.29   21.89    9.11    8.30    0.44    7.96  0.01  12.9    8.41  0.01   -0.78  0.01    8.32  0.01    0.55  0.01
300   83.88596   -5.16940    0.29   11.06  167.13  200.84   10.89    0.91   11.04  144.48   45.67   10.95    0.64   11.04   13.43    4.72   10.94    0.36   11.08  0.01  22.0   10.96  0.00    0.61  0.00   10.95  0.02    0.50  0.02
302   83.82228   -5.04308    0.56   11.31  112.87  223.72   10.84    1.26   10.93  170.08   72.23   10.89    0.82   10.49   17.67    8.65   10.86    0.53   10.78  0.03  22.7   10.86  0.01    0.82  0.01   10.82  0.02    0.69  0.02
306   83.77675   -5.28182    0.31   10.31  138.72  290.93    9.36    1.90    9.39  119.77   52.95    9.45    1.06    9.28   12.52    5.28    9.41    0.38    9.40  0.03  21.7    9.44  0.02    0.94  0.02    9.38  0.03    0.67  0.03
310   83.76282   -5.46122    0.17   11.56  132.05  328.02   10.30    1.72   11.92   75.11   58.56   10.49    1.45   10.60    4.46    4.85 -100.00 -100.00   11.06  0.11  29.3   10.34  0.03    1.45  0.02   10.68  0.07    1.63  0.07
312   83.71450   -5.64783    0.80    8.06   92.57  213.41    8.11    1.81    7.85   96.67   48.16    7.92    1.31    7.63   19.82    6.57    7.66    0.31    7.84  0.03  17.8    7.80  0.01    0.67  0.02    7.65  0.01    0.40  0.01
317   83.75261   -5.32364    0.59   10.06  145.15  325.08    9.22    1.69    7.96   80.47   52.12    8.83    1.41    8.07    9.83    6.03    7.96    0.33    0.00  0.00  15.9    7.84  0.01    0.73  0.01    7.95  0.02    0.56  0.02
319   83.70721   -4.91835    0.28   10.81  110.89  169.06   11.07    1.17   10.82  107.05   33.98   10.79    0.77   10.71   15.09    3.49   10.76    0.27     nan   nan  21.4   10.78  0.01    0.60  0.01   10.75  0.01   -0.37  0.01
323   83.81324   -5.28590    0.21   10.31  175.64  319.37    9.86    1.33    9.83  127.81   70.29    9.83    1.04    9.61   10.26    7.37    9.91    0.62   10.02  0.11  25.0    9.89  0.01    1.07  0.01    9.87  0.03    0.93  0.03
327   83.87514   -5.08087    0.41   11.31  126.26  181.93   11.31    1.20   11.26  156.65   47.07   11.24    0.67   11.26   20.78    6.06   11.32    0.34   11.33  0.01  16.4   11.26  0.01    0.59  0.01   11.28  0.01    0.45  0.01
330   83.81624   -5.25487    1.71   10.31  188.73  320.45    9.98    1.23   10.27  167.88   71.22   10.00    0.92   10.38   17.76    8.17   10.10    0.54   10.31  0.02  20.3   10.07  0.01    0.86  0.01   10.12  0.02    0.70  0.02
331   83.82015   -5.24576    0.25   10.31  191.83  338.42    9.98    1.31   10.38  153.51   68.84   10.10    0.94   10.05   15.98    9.17   10.17    0.55    9.95  0.05  21.0   10.20  0.01    0.87  0.01   10.21  0.02    0.73  0.02
342   83.79221   -5.63126    1.75    8.31  130.71  210.94    8.40    1.39    8.18  115.41   52.86    8.05    1.02    7.41   19.14    9.11    7.52    0.50    7.62  0.02  16.9    7.88  0.01    0.93  0.01    7.53  0.01    0.66  0.01
353   83.73182   -5.33475    0.10   10.06  126.63  285.93    9.22    1.67    9.17   90.97   52.86    9.10    1.16    8.95    8.14    5.17    8.70    0.55    0.00  0.00  22.3    8.99  0.01    1.17  0.01    8.80  0.03    0.91  0.03
355   83.91499   -5.10713    1.54   11.06  141.81  191.87   11.48    1.05   11.37  147.64   52.38   11.64    0.68   11.59   17.84    8.08   11.70    0.44   11.66  0.03  20.7   11.60  0.01    0.66  0.01   11.65  0.01    0.58  0.01
357   84.08591   -6.22051    0.32    9.31  108.72  151.07    8.40    1.32    8.62  102.55   45.38    8.48    0.90    8.51   19.86    7.84    8.49    0.45    8.46  0.02  13.9    8.65  0.01    0.77  0.01    8.48  0.01    0.55  0.01
361   83.68854   -5.73855    0.73    8.81   89.65  165.02    8.48    1.36    9.17  109.23   45.66    8.73    0.87    8.95   23.38    5.61    9.10    0.28    8.96  0.00  12.7    9.34  0.02    0.50  0.01    9.01  0.01    0.16  0.01
362   83.75024   -5.64903    0.72    7.06  122.55  231.66    8.30    1.52    9.06  128.74   70.24    8.16    1.08    9.06   22.76    9.97    8.11    0.88    8.96  0.01  15.5    8.82  0.03    0.61  0.03    8.99  0.01    0.30  0.01
363   83.72537   -5.62012    0.32    7.81  121.42  240.49    7.82    1.75    6.64  106.40   65.42    7.68    1.53    6.53   14.42    8.11    6.72    0.50    6.32  0.02  22.0    6.99  0.01    0.97  0.01    6.70  0.02    0.66  0.02
367   83.82254   -5.18514    0.14   10.06  155.90  301.54   10.29    1.39   11.04  153.03   60.65   10.59    0.92   11.15   17.34    6.71   11.01    0.34   11.22  0.03  20.0   10.78  0.02    0.87  0.02   11.06  0.02    0.48  0.02
371   83.73876   -5.69251    1.48    7.81  108.25  198.20    8.23    1.41    7.41  116.66   69.87    8.29    1.04    8.84   22.68   11.66    8.36    0.79    8.02  0.03  15.0    7.35  0.01    0.55  0.01    7.32  0.01    0.33  0.01
387   83.70517   -5.69387    0.19    8.81   91.67  194.32    8.32    1.54    8.84   88.03   56.12    8.26    1.10    7.19   14.14    6.25    7.65    0.63    7.67  0.07  17.0    7.26  0.01    0.55  0.01    7.26  0.02    0.38  0.02
390   83.89300   -5.08923    0.12   11.06  153.53  253.24   11.81    1.53   11.48  165.10   60.28   11.55    0.84   11.59   17.87    7.05   11.65    0.42   11.72  0.09  22.2   11.47  0.01    0.69  0.01   11.64  0.01    0.53  0.01
391   83.79428   -4.97123    0.11   11.06  139.61  236.46   11.09    1.10   10.71  198.11   86.87   10.97    0.79   10.93   31.26   11.52   10.93    0.43   11.15  0.03  21.6   10.95  0.01    0.83  0.01   10.91  0.01    0.49  0.01
401   83.76262   -4.98428    0.34   12.31  123.07  221.18   11.28    1.28   10.60  114.33   51.19   11.14    0.91   10.60   10.64    4.12   10.82    0.36   10.43  0.01  16.6   10.48  0.01    0.24  0.01   10.85  0.03    0.62  0.03
402   83.71703   -4.94449    0.47   11.06  130.36  188.73   11.10    1.22   10.93  124.03   38.58   10.88    0.80   10.93   16.89    4.59   10.88    0.27   11.00  0.03  16.7   10.79  0.01    0.59  0.01   10.87  0.01    0.37  0.01
405   83.74210   -5.70125    1.13    7.81  119.65  184.58    8.14    1.30    7.96  115.33   70.35    8.11    1.02    8.95   22.81   12.33    8.24    0.82    8.73  0.01  15.1    8.98  0.01    0.63  0.01    8.95  0.01    0.32  0.01
407   83.75100   -5.41395    0.85    9.81  133.62  304.14   10.13    1.67    9.72   97.39   75.90   10.20    1.37    9.50    8.42    7.28   10.24    0.81   10.65  0.12  23.7   10.25  0.01   -1.49  0.01   10.11  0.05    1.40  0.05
413   83.73518   -5.56496    0.76    8.06  123.03  243.72    8.46    1.45    7.08   95.89   52.82    8.03    1.47    6.97   11.58    5.58    6.76    0.31    6.61  0.01  13.3    6.77  0.03    0.52  0.02    6.73  0.02    0.42  0.03
420   83.74128   -5.72616    0.17    7.81  112.69  164.62    8.13    1.31    8.07  126.59   64.26    7.98    0.96    8.62   17.38   10.43    8.00    0.84    7.05  0.01  15.5    6.81  0.01    0.38  0.01    7.00  0.03    0.33  0.03
422   83.89687   -5.17238    0.29   10.81  151.09  180.73   10.78    0.87   10.82  135.70   38.18   10.82    0.61   10.71   12.75    3.04   10.77    0.28   10.79  0.02  20.9   10.80  0.00    0.55  0.00   10.80  0.02    0.42  0.02
431   83.75942   -5.63871    0.49    7.56  139.80  236.84    8.29    1.45    8.84  130.25   74.42    8.05    1.04    8.73   20.73    9.88    7.98    0.85    8.72  0.00  14.8    8.72  0.02    0.57  0.02    8.74  0.01    0.39  0.01
432   83.79646   -5.62771    0.45    8.31  124.93  206.82    8.42    1.41    8.18  108.23   51.63    8.12    1.07    7.41   14.38    7.85    7.54    0.47    7.65  0.03  16.0    7.90  0.02    0.94  0.02    7.58  0.02    0.68  0.02
434   83.73855   -4.95586    0.18   11.81  123.02  226.69   11.36    1.23   11.26  121.61   45.33   11.19    0.86   11.26   12.05    4.13   11.14    0.31   10.90  0.07  17.7   11.17  0.01    0.79  0.01   11.12  0.02    0.53  0.02
440   83.78488   -5.96492    0.86    9.06   85.23  180.12    8.76    1.64    8.29  102.36   42.05    8.39    0.80    8.07   26.27    8.26    8.27    0.40    8.10  0.00  13.9    8.41  0.01    0.77  0.01    8.21  0.01    0.42  0.01
441   83.71771   -5.73641    0.81    7.81  107.90  169.38    8.15    1.24    7.85  126.90   65.68    8.18    0.93    9.06   23.27   13.52    8.23    0.80    8.04  0.05  15.0    7.94  0.02    0.91  0.01    8.02  0.02    0.44  0.03
461   83.80562   -5.16646    0.22   10.31  167.67  300.09   10.15    1.42   10.71  192.74   74.30   10.48    0.83   10.82   16.73    6.34   10.79    0.38   10.63  0.04  21.1   10.80  0.01    0.55  0.02   10.78  0.01    0.52  0.01
462   83.90534   -5.10844    0.44   11.31  149.88  201.27   11.44    1.05   11.70  162.69   55.47   11.66    0.72   11.70   18.46    7.13   11.78    0.43   11.61  0.04  20.6   11.67  0.00    0.66  0.00   11.78  0.01    0.56  0.01
463   83.87745   -5.04815    0.28   10.81  108.11  133.43   10.87    0.85   10.71  132.33   39.24   10.80    0.62   10.49   20.59    6.09   10.64    0.37   10.73  0.15  20.0   10.70  0.01    0.59  0.01   10.55  0.01    0.40  0.01
464   83.77074   -4.94613    0.40   10.81  146.76  300.08   11.26    1.41   11.04  184.76   78.31   11.17    1.20   11.04   19.21    7.46   11.08    0.34   11.06  0.01  17.5   11.01  0.00    0.49  0.00   11.01  0.02    0.38  0.02
469   83.80346   -5.92901    0.33    8.56   99.59  199.68    8.61    1.53    7.52   84.24   41.01    8.17    1.07    7.41   10.13    3.72    7.65    0.31    7.53  0.00  14.4    7.60  0.04    0.72  0.03    7.65  0.03    0.57  0.03
470   83.74294   -5.68198    0.68    7.81  101.48  201.62    8.18    1.44    8.40  111.79   70.26    8.30    1.01    8.62   21.30   11.14    8.41    0.79    7.88  0.05  17.0    8.35  0.02    1.01  0.01    7.32  0.01    0.32  0.01
471   83.81435   -5.55115    0.88    7.06  139.02  238.60    7.71    1.76    6.97  153.95   63.19    7.44    1.20    7.08   15.58    7.52    7.22    0.42    0.00  0.00  19.3    7.16  0.01    0.80  0.01    7.16  0.02    0.67  0.02
478   83.82794   -5.93413    0.60    8.06  107.68  168.08    8.56    1.38    8.18   51.78   27.53    7.93    1.02    6.86    6.02    3.59    6.86    0.00    6.78  0.01  12.7    6.80  0.01    0.23  0.02    7.48  0.10    1.20  0.10
486   83.92940   -5.09902    0.16   10.81  131.95  185.61   11.44    1.04   11.04  115.77   39.51   11.33    0.68   11.04    9.57    4.01   11.26    0.36    0.00  0.00  28.2   11.25  0.01    0.70  0.01   11.22  0.03    0.61  0.03
493   84.15930   -6.26998    0.14    8.81   78.16  135.44    8.03    1.37    8.62   90.11   39.85    8.09    0.98    8.29   14.35    5.38    8.45    0.36    0.00  0.00  20.2    8.37  0.02    0.82  0.02    6.35  0.07    0.30  0.07
498   83.77784   -5.26313    0.52    9.81  152.20  280.41    9.50    1.42    9.72  160.26   68.45    9.59    1.03    9.50   18.51    8.83    9.73    0.48    0.00  0.00  18.4    9.71  0.01    0.82  0.01    9.69  0.01    0.63  0.01
500   83.90644   -5.09942    0.36   11.06  152.30  209.15   11.37    1.06   11.48  167.59   56.17   11.47    0.65   11.59   16.87    6.76   11.53    0.43   11.37  0.02  21.0   11.49  0.00    0.64  0.00   11.52  0.01    0.55  0.01
508   83.88870   -6.10200    0.10    9.06   96.99  157.85    8.36    1.47    9.06  110.12   55.99    8.23    1.10    9.17    9.05    6.39    8.51    0.53    8.80  0.08  17.6    9.15  0.01    0.52  0.01    9.18  0.07    0.31  0.06
518   83.89446   -5.18567    0.09   10.56  171.63  187.24   10.58    0.78   10.38  157.95   41.95   10.57    0.57   10.27   13.08    3.74   10.51    0.33    0.00  0.00  23.2   10.50  0.01    0.52  0.01   10.50  0.02    0.47  0.02
524   83.75788   -5.88522    0.26    9.31   90.72  198.46    8.44    1.66    7.52   87.41   49.02    8.13    1.18    7.41   14.45    6.46    7.46    0.39    7.69  0.08  15.7    7.43  0.01    0.72  0.01    7.84  0.07    1.09  0.06
535   83.92459   -6.12882    0.56    9.31   88.18  142.06    8.31    1.35    9.28   94.53   53.43    8.14    1.10    7.85    9.45    8.46    7.95    0.86    8.23  0.08  13.6    8.45  0.02    0.78  0.02    7.89  0.10    0.54  0.21
537   83.78815   -5.91879    0.35    8.31   95.56  212.09    8.58    1.67    7.96   88.99   46.65    8.37    1.14    7.96   10.49    5.59    7.90    0.36    7.62  0.01  14.1    8.12  0.03    1.13  0.03    7.94  0.03    0.72  0.03
538   83.71536   -5.70617    0.29    7.56   98.58  182.71    8.35    1.28    8.95  115.84   59.79    8.33    0.95    7.63   17.92   10.22    8.07    0.71    8.37  0.05  16.9    9.04  0.02    0.57  0.01    8.98  0.01    0.29  0.01
539   83.95736   -5.51178    0.28    7.31  159.03  312.00    9.71    2.28    7.30  120.40   40.26    9.23    2.25    7.30    5.71    1.82    7.30    0.00    0.00  0.00  20.5    7.32  0.09   -1.45  0.13    7.39  0.03    0.25  0.03
540   83.72819   -5.40841    0.17   10.81  111.43  267.66   10.97    1.86   11.70  116.14   69.16   11.32    1.47   11.70    9.63    6.10   11.64    0.41   11.75  0.08  22.5   11.64  0.02    1.16  0.02   11.64  0.04    0.90  0.04
543   83.87811   -5.12074    0.29   10.81  171.31  244.05   10.89    1.18   11.48  165.17   50.32   11.25    0.73   11.48   19.37    6.15   11.38    0.36   11.48  0.01  18.4   11.38  0.01    0.59  0.01   11.42  0.01    0.46  0.01
545   83.76186   -4.93142    0.18   11.06  151.49  232.33   11.66    1.12   11.04  176.45   49.83   11.40    0.91   11.04   15.10    3.70   11.05    0.24   10.92  0.03  18.0   11.00  0.01    0.31  0.01   11.06  0.01    0.31  0.01
546   83.73587   -4.90142    0.10   11.06  140.64  101.36   11.23    0.63   11.15  147.87   25.23   11.18    0.45   11.04   13.74    3.61   11.13    0.19   11.19  0.01  18.4   11.10  0.00    0.31  0.00   11.10  0.01    0.28  0.01
551   83.88134   -5.89270    1.13    7.06   71.00  131.75    8.13    1.38    7.85   90.59   38.46    7.60    0.90    7.74   16.84    5.82    7.31    0.47    7.64  0.00  11.3    7.38  0.02    0.78  0.02    7.41  0.02    0.54  0.02
554   83.75212   -5.30263    0.68    9.56  124.33  276.44    9.44    1.56    8.84   98.20   49.19    9.16    1.11    8.73   12.33    4.92    8.78    0.37    0.00  0.00  16.0    8.99  0.02    1.04  0.02    8.75  0.02    0.62  0.02
570   84.16045   -6.26304    0.45    8.56   76.51  140.27    7.99    1.39    8.18   87.03   40.95    7.98    0.98    8.07   14.11    5.73    8.26    0.42    0.00  0.00  12.6    6.13  0.03    0.44  0.03    8.25  0.02    0.57  0.02
571   84.01832   -6.16034    0.22    8.56  103.53  152.52    8.45    1.14    8.51  110.62   40.40    8.54    0.80    8.51   11.27    4.59    8.31    0.41    8.42  0.03  17.8    8.59  0.01   -0.86  0.01    8.35  0.03    0.66  0.03
572   83.72882   -5.72719    1.79    7.81  111.32  167.86    8.16    1.25    7.85  135.75   67.41    8.20    0.91    7.85   26.36   14.16    8.26    0.73    8.60  0.01  15.4    9.22  0.01    0.45  0.01    9.00  0.02    0.36  0.01
584   83.85491   -5.98366    0.31    8.06   81.37  160.93    7.97    1.59    7.63   80.68   42.68    7.56    1.05    7.19   14.83    5.86    7.35    0.45    7.15  0.01  15.5    7.34  0.24    1.39  0.23    7.32  0.03    0.65  0.03
586   83.67780   -5.47204    0.58    8.31   95.22  167.22    8.82    1.46    8.18  101.51   44.10    8.45    0.95    7.96   13.41    5.00    8.24    0.38    7.93  0.02  17.0    8.18  0.02    0.48  0.03    7.95  0.02    0.15  0.03
588   83.92395   -5.08629    0.10   11.06  127.40  156.24   11.63    1.01   11.15  102.35   29.62   11.38    0.67   11.04    8.96    4.43   11.21    0.24    0.00  0.00  24.6   11.23  0.01    0.56  0.01   11.23  0.03    0.49  0.03
592   83.86800   -5.99738    0.55    7.81   75.86  167.96    7.95    1.62    7.19   78.21   42.08    7.25    1.16    7.08    9.21    4.44    6.96    0.52    7.02  0.01  14.0    6.71  0.05    0.58  0.08    6.93  0.04    0.62  0.04
594   83.70678   -5.74392    0.37    7.81   94.01  172.27    8.27    1.28    9.17  114.03   57.71    8.44    0.92    9.17   22.73    9.83    8.80    0.54    9.03  0.02  17.9    9.36  0.01    0.36  0.01    9.25  0.01    0.26  0.02
595   83.69590   -5.70022    0.39    9.06   86.04  171.26    8.39    1.55    7.85   89.00   51.61    8.26    1.02    7.74   16.84    7.25    7.74    0.43    7.91  0.04  16.6    7.61  0.02    0.68  0.01    7.65  0.02    0.41  0.02
601   83.64971   -5.68440    0.25    8.81   75.64  136.25    8.55    1.43    9.50   78.74   42.39    8.61    0.87    7.96   10.34    5.33    8.52    0.74    0.00  0.00  13.5    8.15  0.01    0.71  0.01    7.90  0.02    0.46  0.02
603   83.87687   -5.06588    0.49   10.81  122.34  168.46   11.02    1.04   10.93  147.40   44.24   10.94    0.62   10.93   18.71    5.94   10.93    0.34   10.88  0.02  16.9   10.92  0.00    0.58  0.00   10.93  0.01    0.47  0.01
610   84.12174   -6.25239    0.81    8.31   88.65  143.45    8.14    1.29    8.51   95.34   37.99    8.09    0.88    7.96   19.71    6.41    8.19    0.36    8.19  0.01  13.9    8.31  0.00    0.67  0.01    8.17  0.01    0.45  0.01
611   83.82141   -5.99614    0.43   10.06   92.68  171.61    8.39    1.52    8.40   90.66   52.32    8.46    1.07    7.96   17.35    7.67    7.94    0.53    7.50  0.01  14.0    8.03  0.01    0.88  0.02    7.83  0.02    0.51  0.02
612   83.68629   -5.78575    1.56    8.81   89.13  158.28    8.41    1.38    9.06  105.48   50.65    8.67    0.92    8.95   17.78    8.06    8.98    0.51    9.00  0.03  15.9    8.80  0.01    0.95  0.01    8.98  0.02    0.66  0.02
616   83.87311   -5.05444    0.26   10.31  111.06  157.25   10.82    0.99   10.60  135.38   46.22   10.76    0.66   10.38   20.28    6.95   10.63    0.41   10.62  0.05  17.2   10.69  0.01    0.67  0.01   10.58  0.01    0.51  0.01
622   83.76991   -5.92961    0.40    9.56   84.82  180.17    8.68    1.61    8.73   97.82   42.24    8.44    0.86    8.29   23.06    5.77    8.32    0.36    8.33  0.01  13.5    8.45  0.01    0.81  0.01    8.29  0.01   -0.43  0.01
623   83.71152   -5.71424    0.86    8.81   93.08  163.54    8.42    1.26    8.95  117.06   56.92    8.43    0.90    7.74   19.31   11.23    8.17    0.61    8.28  0.03  16.5    8.96  0.02    0.65  0.01    8.75  0.04    0.48  0.03
630   83.81553   -5.05844    0.13   11.06  119.11  242.09   10.90    1.39   10.49  168.17   69.15   10.70    0.83   10.38   16.45    7.91   10.63    0.56    0.00  0.00  23.0   10.66  0.01    0.84  0.01   10.63  0.03    0.75  0.03
632   83.93491   -6.13118    0.58    9.31   85.61  134.57    8.38    1.29    9.28   80.80   48.06    8.09    1.05    7.85   18.62    7.17    7.85    0.61    7.61  0.02  14.0    8.12  0.01    0.87  0.02    7.81  0.01    0.21  0.01
637   83.80293   -5.21256    0.12   10.31  150.53  302.42    9.73    1.43   10.27  121.29   67.62    9.73    1.11   10.49   10.05    6.37    9.94    0.89    0.00  0.00  24.9    8.46  0.01    0.59  0.01    8.55  0.03    0.45  0.04
648   83.80923   -5.17569    0.19   10.31  155.05  288.79   10.10    1.37   10.71  166.38   72.90   10.49    0.88   11.04   17.35    6.95   10.80    0.46   10.79  0.07  22.0   10.72  0.01    0.72  0.01   10.86  0.01    0.58  0.01
686   83.73658   -5.80658    0.22    8.81   97.80  186.73    8.16    1.51    8.62  103.46   56.99    7.88    1.06    7.08   19.22    9.12    7.62    0.66    7.54  0.07  16.3    7.38  0.01   -0.83  0.01    7.20  0.02    0.33  0.02
691   83.75529   -5.46870    0.26    9.31  116.57  298.64   10.27    1.79   12.14   70.44   43.82   10.65    1.60   12.14    3.61    2.92 -100.00 -100.00   11.50  0.16  15.7   12.16  0.01    0.49  0.01   12.25  0.07    0.59  0.07
699   83.75322   -4.89717    0.48   11.06  182.36  138.49   11.36    0.67   11.15  161.19   28.99   11.20    0.49   11.15   14.48    3.78   11.12    0.16    0.00  0.00  17.6   11.10  0.00    0.31  0.00   11.13  0.01   -0.23  0.01
701   83.75135   -5.89591    0.58    9.56   98.10  190.00    8.62    1.63    7.85   91.11   55.11    8.26    1.06    7.41   20.58    9.32    7.87    0.56    8.04  0.06  15.9    8.35  0.04    1.03  0.02    7.74  0.02    0.69  0.02
702   83.72680   -4.96436    0.21   11.81  131.25  231.55   11.04    1.28   11.26  100.70   38.29   11.06    0.85   11.26   11.67    4.33   11.11    0.23   11.11  0.07  17.2   11.08  0.01    0.80  0.01   11.11  0.02    0.42  0.02
707   83.75019   -5.81241    0.47    8.31  114.94  194.03    8.32    1.51    8.51  106.24   57.89    7.77    1.07    7.19   24.58    9.51    7.36    0.61    7.23  0.03  16.9    7.18  0.01    0.75  0.01    7.11  0.01    0.33  0.02
721   83.67246   -5.69374    0.32    9.31   89.69  181.55    8.09    1.70    7.96   79.18   43.76    8.37    1.07    7.96   11.06    4.40    7.84    0.24    8.00  0.05  13.3    8.38   nan    1.27   nan    7.89  0.02    0.49  0.03
734   83.74316   -5.83421    0.55    8.56   94.86  172.08    8.10    1.42    7.19   95.17   55.26    7.89    1.04    7.19   18.74    9.12    7.49    0.67    7.40  0.06  17.1    6.96  0.02    0.54  0.01    7.02  0.02    0.40  0.02
750   83.82236   -5.58375    0.21    8.31  115.91  209.86    8.26    1.52    8.29  101.87   48.26    8.19    1.04    8.51   13.41    5.58    8.40    0.36    0.00  0.00  23.0    7.51  0.10    0.77  0.05    6.94  0.04   -0.24  0.04
755   83.73468   -5.90930    0.37    8.31   86.37  157.10    8.53    1.41    8.40  100.92   47.93    8.40    0.87    8.40   18.86    8.93    8.42    0.51    8.26  0.07  16.1    8.43  0.01    0.93  0.01    8.46  0.02    0.68  0.02
768   83.78508   -6.00744    0.56    9.06   82.49  145.07    8.88    1.46    8.62   89.64   42.01    8.70    0.81    8.07   20.12    5.79    8.30    0.36    8.17  0.02  14.2    8.66  0.01    0.89  0.01    8.22  0.02    0.44  0.02
784   84.01330   -6.23102    0.13    8.81  101.24  145.22    8.58    1.19    8.73  116.58   47.22    8.62    0.81    8.62   14.56    6.22    8.72    0.42    8.72  0.04  17.4    8.70  0.01    0.80  0.01    8.70  0.02    0.56  0.02
790   83.80356   -4.93682    0.43   11.56  191.36  233.12   11.97    0.89   11.70  209.51   68.51   11.79    0.67   11.81   11.86    5.55   11.76    0.40   11.87  0.03  27.4   11.78  0.00    0.63  0.00   11.79  0.03    0.61  0.03
816   83.73568   -5.36760    0.10    9.56  160.14  288.36    9.61    1.42    9.39  127.85   61.41    9.50    1.04    9.39   10.28    5.29    9.18    0.43    9.52  0.08  22.0    9.42  0.01    0.96  0.01    9.19  0.02    0.71  0.02
835   83.65690   -5.69668    0.45    9.06   83.86  164.46    8.37    1.64    9.50   80.04   44.98    8.56    0.96    8.18   12.01    4.24    8.78    0.66    8.90  0.11  13.2    9.56  0.01    0.39  0.01    9.45  0.02    0.31  0.02
869   83.80022   -5.78781    0.16    6.56   41.53   92.06    8.56    1.63    6.53   45.03   14.42    8.23    1.57    6.42    4.68    1.53 -100.00 -100.00    9.01  0.45  26.4    8.02  0.04    1.23  0.04    6.52  0.04    0.21  0.04
871   83.72573   -5.80079    0.40    8.81  100.70  182.92    8.00    1.48    8.62  119.47   60.09    7.94    1.00    7.30   14.43    8.30    8.01    0.73    7.73  0.06  16.6    7.32  0.02    0.74  0.02    7.35  0.02    0.47  0.03
873   83.86276   -4.95504    0.67   12.06  169.94  201.08   11.92    0.81   11.59  191.33   67.92   11.73    0.64   11.48   19.71    7.34   11.59    0.43   11.65  0.07  27.5   11.70  0.01    0.69  0.01   11.53  0.02    0.52  0.02
879   83.80411   -6.02245    0.42    9.31   83.41  143.13    8.32    1.62    9.39  107.58   48.88    8.55    0.95    9.50   18.82    8.05    8.64    0.73    7.91  0.03  15.8    8.23  0.01    0.91  0.01    8.03  0.01    0.47  0.02
907   83.84457   -6.05341    0.95   10.06   83.98  153.21    8.41    1.62    9.06   89.05   50.29    8.34    1.13    8.18   22.59    8.85    8.26    0.47    8.57  0.06  15.2    8.59  0.92    2.10  1.75    8.25  0.02    0.62  0.02
