  5   83.84726   -5.02459    8.28   11.06  121.57  209.77   11.00    1.34   11.26  264.91   60.72   11.20    0.81   11.26   42.90    8.89   11.27    0.48   11.12  0.01  17.5   11.28  0.01    0.74  0.01   11.26  0.01    0.51  0.01
  9   83.86135   -5.16620   11.10   10.56  186.42  356.87   10.79    1.72   11.04  266.85   65.53   10.99    0.94   11.04   24.95    7.64   11.04    0.57   11.35  0.00  23.3   11.02  0.01    0.82  0.01   11.06  0.01    0.71  0.01
 10   83.82113   -5.32181    4.92    9.06  244.74  471.64    8.99    1.45    9.28  388.84  117.55    9.27    1.14    9.28   41.35   14.06    9.49    0.77    9.86  0.00  25.2    9.38  0.01    1.04  0.01    9.43  0.01    0.87  0.01
 12   83.81898   -5.32483    3.84    9.31  253.48  467.06    8.97    1.45    9.39  394.29  113.62    9.20    1.14    9.39   42.27   13.46    9.42    0.76    9.84  0.00  25.5    9.32  0.01    1.01  0.01    9.38  0.01    0.83  0.01
 16   83.81604   -5.33532    2.06    9.56  262.57  514.69    9.05    1.60    9.50  347.07  109.79    9.14    1.22    9.50   31.74   11.75    9.31    0.81    9.69  0.00  28.1    9.28  0.01    1.11  0.01    9.35  0.01    0.94  0.01
 17   83.82469   -5.31807    2.93    8.81  236.94  479.42    8.97    1.50    9.28  376.81  118.32    9.31    1.17    9.28   38.18   14.02    9.58    0.79    9.78  0.00  25.2    9.46  0.01    1.05  0.01    9.56  0.01    0.91  0.01
 18   83.81026   -5.31189    3.64   10.06  185.89  332.75    9.26    1.35    9.50  271.33   81.28    9.36    1.07    9.39   27.24    9.77    9.52    0.75    9.77  0.00  23.7    9.44  0.00    1.01  0.00    9.48  0.01    0.86  0.01
 19   83.86445   -5.15861    3.11   10.81  185.31  373.06   11.08    1.84   11.15  246.55   61.38   11.18    0.99   11.26   23.21    6.89   11.19    0.57   11.47  0.01  23.7   11.16  0.01    0.83  0.01   11.19  0.01    0.71  0.01
 21   83.84284   -5.01978    3.61   11.06  126.51  235.88   10.72    1.47   11.15  283.09   67.52   11.12    0.83   11.15   45.50   10.15   11.21    0.51   11.12  0.00  17.0   11.20  0.01    0.77  0.01   11.21  0.01    0.55  0.01
 23   83.82478   -5.00483    2.49   11.06  132.96  245.64   10.67    1.29   11.15  329.41   92.34   10.76    0.86   11.15   57.06   16.45   10.83    0.59   11.08  0.00  17.8   10.76  0.01    0.91  0.01   10.86  0.01    0.66  0.01
 30   83.83122   -5.25931    1.82   10.06  191.03  344.82   10.38    1.47   10.49  250.79   67.72   10.34    1.07   10.60   21.89    7.65   10.65    0.66   10.59  0.00  19.9   10.42  0.01    0.93  0.01   10.57  0.02    0.83  0.02
 32   83.82470   -5.31361    2.94   10.06  217.45  461.28    9.00    1.64    9.39  363.70  117.68    9.39    1.25    9.28   36.70   14.09    9.69    0.78    9.79  0.00  25.1    9.60  0.01    1.04  0.01    9.68  0.01    0.92  0.01
 33   83.85801   -5.09514    2.92   10.81  133.45  273.65   10.70    1.65   11.26  284.52   62.35   11.14    0.93   11.37   39.07    8.66   11.29    0.54   11.45  0.00  17.0   11.26  0.01    0.74  0.01   11.32  0.01    0.57  0.01
 34   83.83522   -5.01365    4.37   11.06  131.64  247.55   10.61    1.38   11.26  323.95   79.55   10.91    0.83   11.15   60.87   13.39   11.05    0.55   11.16  0.00  17.2   10.97  0.01    0.82  0.01   11.08  0.01    0.55  0.01
 35   83.85934   -5.06551    2.03   11.31  118.32  180.23   11.01    1.09   10.82  216.91   54.20   10.92    0.80   10.82   26.85    7.70   10.79    0.58   10.67  0.01  16.4   10.89  0.01    0.83  0.01   10.78  0.01    0.68  0.01
 36   83.87365   -4.97983    1.84   12.06  130.43  174.97   11.83    0.92   11.70  314.03   67.02   11.89    0.69   12.03   46.35   10.94   12.01    0.52   12.10  0.01  18.6   11.91  0.01    0.70  0.01   11.97  0.01    0.58  0.01
 39   83.85962   -5.17263    2.08   10.31  190.46  332.37   10.54    1.42   10.93  272.49   62.87   10.82    0.91   10.93   25.19    7.22   10.99    0.56   11.21  0.01  22.6   10.91  0.01    0.79  0.01   10.98  0.01    0.72  0.01
 40   83.86029   -5.08760    3.89   10.81  126.19  236.55   10.92    1.47   11.37  278.57   55.02   11.26    0.82   11.37   39.22    7.68   11.36    0.50   11.50  0.00  16.5   11.37  0.01    0.67  0.01   11.41  0.01    0.48  0.01
 41   83.78702   -5.93102    3.25    9.81   98.67  217.21    8.53    1.68    8.18  161.96   56.48    8.45    1.21    8.07   22.04    6.69    8.19    0.73    7.25  0.01  14.6    8.11  0.01    1.03  0.02    8.03  0.02    0.70  0.02
 42   83.84709   -5.20066    1.48   10.31  207.93  292.57   10.82    1.14   10.93  283.83   56.53   10.84    0.79   11.04   24.07    5.82   10.92    0.45   11.19  0.00  19.4   10.89  0.01    0.65  0.01   10.98  0.01    0.55  0.01
 43   83.78889   -5.33678    2.93    9.31  182.53  357.53    9.16    1.47    8.18  177.15   59.93    8.87    1.26    8.07   16.71    6.21    8.68    0.81    8.08  0.01  22.6    8.03  0.01    0.45  0.01    8.07  0.02    0.42  0.03
 44   83.82886   -5.01357    1.41   11.06  131.19  255.13   10.58    1.35   11.15  320.99   86.75   10.80    0.85   11.15   60.88   15.28   10.93    0.55   11.08  0.00  17.5   10.84  0.01    0.86  0.01   10.95  0.01    0.62  0.01
 47   83.85118   -5.14224    1.40   10.31  191.05  323.16   10.79    1.37   11.04  307.69   72.17   11.02    0.89   11.15   31.69    7.55   11.21    0.53   11.66  0.00  19.7   11.11  0.01    0.80  0.01   11.22  0.01    0.62  0.01
 49   83.83959   -5.21998    2.99   10.31  201.76  361.13   10.77    1.46   10.71  264.13   66.67   10.69    1.04   10.60   21.28    6.75   10.66    0.62   10.93  0.00  19.8   10.62  0.01    0.85  0.01   10.69  0.02    0.78  0.02
 50   83.85229   -5.13106    2.22   10.31  174.20  305.14   11.01    1.38   11.15  263.81   68.11   11.15    0.88   11.37   27.88    7.74   11.27    0.57   11.74  0.00  19.5   11.18  0.00    0.85  0.00   11.30  0.01    0.67  0.01
 54   83.80960   -5.30330    1.91   10.31  175.27  311.12    9.36    1.46   10.05  226.10   76.25    9.48    1.14   10.16   20.92    8.82    9.63    0.79   10.30  0.01  23.3   10.43  0.01    0.37  0.02   10.37  0.04    0.49  0.02
 55   83.83234   -5.21963    1.10   10.06  187.06  337.93   10.46    1.45   10.60  225.19   59.46   10.45    1.06   10.60   20.17    6.65   10.54    0.66   10.70  0.00  19.3   10.46  0.01    0.89  0.01   10.54  0.02    0.82  0.02
 56   83.82595   -5.00943    1.44   11.31  133.05  255.47   10.63    1.36   11.04  329.49   90.52   10.75    0.86   11.15   60.73   16.17   10.85    0.56   11.07  0.00  17.7   10.77  0.01    0.88  0.01   10.87  0.01    0.62  0.01
 57   83.87378   -4.99644    0.69   11.56  131.02  173.07   11.63    0.99   11.59  272.45   58.86   11.66    0.73   11.70   30.62    8.10   11.75    0.54   12.05  0.02  18.5   11.68  0.00    0.74  0.00   11.74  0.01    0.65  0.01
 58   83.84570   -5.21045    6.84   10.31  207.33  331.84   10.89    1.31   10.82  299.51   63.38   10.84    0.90   10.82   23.98    6.64   10.88    0.47   10.96  0.00  19.7   10.80  0.01    0.70  0.01   10.87  0.01    0.61  0.01
 59   83.80631   -5.96555    1.74    9.81  103.92  212.57    8.69    1.75    7.85  156.65   56.24    8.41    1.14    7.74   27.06    7.03    7.94    0.57    7.50  0.01  15.1    7.46  0.02    0.44  0.03    7.79  0.02    0.56  0.02
 63   83.74833   -5.35940    2.05    9.31  163.53  310.48    9.09    1.41    8.62  228.82   69.07    8.97    1.11    8.40   32.38    8.97    8.69    0.61    8.62  0.01  21.4    8.82  0.01    0.99  0.01    8.62  0.01    0.68  0.01
 65   83.80722   -5.44595    7.74    8.81  302.79  654.29    9.37    1.64    8.84  413.25  165.15    9.43    1.40    8.62   35.84   16.41    9.22    1.17    8.65  0.02  27.3    8.56  0.03    0.63  0.04    8.59  0.02    0.53  0.02
 68   83.86681   -5.17436    1.04   10.81  186.82  290.71   10.77    1.17   11.04  279.27   58.97   10.93    0.80   11.15   25.52    6.60   11.06    0.52   11.19  0.00  22.1   11.01  0.01    0.71  0.01   11.06  0.01    0.64  0.01
 69   83.85507   -5.04317    1.04   11.06  120.38  160.40   11.11    0.98   11.15  268.15   48.03   11.14    0.63   11.04   34.93    5.51   11.13    0.41   11.04  0.00  16.4   11.13  0.00    0.60  0.00   11.11  0.01    0.45  0.01
 70   83.73424   -5.76767    2.92    8.56  104.88  188.76    8.31    1.56    8.40  211.53   64.00    7.93    1.18    8.51   25.88    9.96    7.68    0.81    7.46  0.01  15.9    7.84  0.03    1.19  0.03    7.78  0.02    1.01  0.02
 72   83.81564   -4.99858    1.11    9.81  121.56  256.48   10.57    1.37   10.82  304.36   97.47   10.71    0.97   11.15   52.64   14.33   10.89    0.67   11.13  0.01  18.0   10.75  0.01    1.05  0.01   10.96  0.01    0.74  0.01
 73   83.78455   -5.59903    1.90    7.56  140.37  272.48    7.97    1.56    8.07  301.08   83.86    7.78    1.18    8.18   48.88   11.90    7.72    0.70    7.85  0.01  15.9    7.73  0.02    0.97  0.02    7.92  0.02    0.66  0.02
 77   83.77707   -4.91264    0.68   11.31  216.75  237.23   11.92    0.92   11.15  357.87   66.05   11.86    0.86   11.15   26.75    5.06   11.76    0.78   11.09  0.00  18.7   11.19  0.00    0.33  0.00   11.17  0.01    0.26  0.01
 81   83.67071   -5.52846    1.42   10.56   81.06  179.50    8.93    1.63    7.08  159.99   36.98    8.01    1.42    7.08   24.57    5.62    7.14    0.41    6.86  0.02  14.3    7.15  0.01    0.56  0.01    7.08  0.01    0.48  0.01
 82   83.84701   -5.12541    2.39   10.31  163.67  292.00   10.85    1.42   11.26  274.44   70.10   11.09    0.84   11.37   31.55    8.49   11.26    0.56   11.72  0.00  19.3   11.11  0.00    0.82  0.00   11.29  0.01    0.65  0.01
 83   83.77700   -4.94065    1.83   11.06  160.85  277.13   11.66    1.25   10.93  375.13   76.71   11.43    1.08   10.93   33.33    7.56   11.30    0.80   11.12  0.00  17.7   10.89  0.01    0.40  0.01   10.97  0.02    0.40  0.02
 84   83.83829   -5.24769    1.59   10.31  185.63  334.72   10.57    1.43   10.49  280.13   69.89   10.49    1.06   10.60   26.54    7.37   10.61    0.62   10.73  0.00  19.6   10.51  0.01    0.87  0.01   10.62  0.01    0.72  0.01
 91   83.77017   -5.40508    1.25    8.56  189.66  349.25    8.78    1.39    8.62  209.86   71.27    9.08    1.34    8.73   16.44    6.88    9.06    0.82    8.47  0.03  23.6    8.93  0.02    1.24  0.02    8.90  0.03    1.19  0.03
 93   83.78789   -5.97440    1.34    9.06   81.40  177.61    8.94    1.69    8.29  170.57   42.25    8.50    0.89    8.07   45.07    8.35    8.27    0.46    8.14  0.01  14.0    8.44  0.01    0.83  0.01    8.15  0.01    0.40  0.01
 95   83.80558   -4.99034    0.49    9.06  137.09  284.71   10.44    1.37   10.93  313.98   96.07   10.75    1.04   11.04   56.77   11.07   11.02    0.57   11.21  0.01  17.8   10.90  0.02    1.08  0.02   11.11  0.01    0.54  0.01
 97   83.77125   -5.62290    1.08    7.56  132.89  253.04    8.11    1.47    8.51  259.17   75.00    8.06    1.07    8.51   37.72   10.26    8.08    0.72    8.49  0.01  15.0    8.56  0.03    0.53  0.02    8.56  0.01    0.42  0.01
 99   84.04762   -6.17912    1.92    9.06  102.97  149.85    8.50    1.25    8.51  180.94   39.57    8.45    0.83    8.29   23.93    4.69    8.38    0.42    8.05  0.00  13.3    8.56  0.00    0.70  0.00    8.34  0.01    0.51  0.01
100   83.85114   -5.20867    1.68   10.56  211.88  327.32   10.96    1.26   10.71  299.20   61.37   10.83    0.89   10.60   23.64    5.90   10.82    0.47   10.89  0.00  19.6   10.75  0.01    0.67  0.01   10.78  0.01    0.57  0.01
101   83.86029   -5.10059    2.45   10.81  137.94  258.95   10.89    1.50   11.37  296.99   63.92   11.23    0.83   11.48   45.43    9.75   11.38    0.49   11.44  0.00  17.6   11.30  0.01    0.73  0.01   11.40  0.01    0.51  0.01
105   83.84746   -5.11968    2.03   10.56  154.28  288.17   10.58    1.47   11.15  280.06   64.67   11.02    0.90   11.37   30.36    7.52   11.27    0.52   11.45  0.01  19.1   11.14  0.01    0.76  0.01   11.28  0.01    0.61  0.01
107   83.76559   -5.30012    0.73    9.81  119.63  288.37    9.80    1.85    9.06  102.80   41.95    9.28    1.36    7.85   10.66    4.72    8.75    0.77    7.91  0.02  16.7    7.95  0.02    0.33  0.03    7.86  0.03    0.25  0.03
108   83.84002   -5.24101    2.25   10.56  194.41  326.97   10.63    1.37   10.49  292.24   68.33   10.58    1.06   10.49   25.86    7.05   10.62    0.59   10.67  0.00  19.7   10.54  0.01    0.81  0.01   10.60  0.02    0.67  0.02
109   83.84306   -5.17037    0.66   10.06  160.02  311.38   10.28    1.48   11.26  248.64   56.10   10.86    0.99   11.26   27.99    6.88   11.11    0.60   11.52  0.00  19.0   11.08  0.02    0.85  0.02   11.24  0.02    0.61  0.02
110   83.88081   -5.01031    0.52   11.56  124.89  176.31   11.42    1.02   11.26  230.63   51.37   11.42    0.85   11.37   21.68    6.17   11.50    0.67   13.10  0.02  19.9   11.58  0.03    1.09  0.03   11.37  0.02    0.71  0.02
114   83.80598   -5.45109    1.91    8.56  264.04  613.55    9.19    1.70    8.84  342.60  157.86    9.33    1.46    8.51   29.45   15.75    9.18    1.27    8.71  0.01  25.6    8.82  0.01    1.22  0.01    8.63  0.02    1.08  0.02
116   83.85353   -5.13791    1.03   10.31  187.66  309.09   10.90    1.34   11.04  298.48   71.39   11.05    0.86   11.15   28.74    7.60   11.22    0.55   11.68  0.00  19.8   11.11  0.00    0.81  0.00   11.23  0.01    0.65  0.01
117   83.70287   -4.92851    0.60   10.56  126.44  210.15   11.09    1.42   10.49  220.83   44.32   10.57    1.01   10.60   33.07    6.30   10.57    0.34     nan   nan  20.4   10.21  0.04    1.10  0.03   10.57  0.01    0.39  0.01
121   83.96774   -6.16719    0.87    8.81   96.31  154.25    8.29    1.27    8.62  157.56   40.38    8.32    0.90    8.07   22.55    6.29    8.50    0.48    8.38  0.04  14.7    8.58  0.01    0.73  0.01    8.44  0.01    0.62  0.01
122   83.77141   -5.57990    1.13    7.56  158.05  321.18    7.69    1.68    7.30  319.10  104.27    7.37    1.39    7.19   35.14   11.05    7.02    0.77    7.12  0.00  17.0    7.13  0.01    1.10  0.01    7.03  0.01    0.84  0.01
125   83.86634   -5.11958    0.65   10.81  155.63  307.49   10.78    1.42   11.37  279.40   65.10   11.04    1.00   11.48   33.03    7.45   11.33    0.49   11.72  0.01  19.2   11.27  0.02    0.84  0.02   11.41  0.01    0.53  0.01
127   83.78911   -5.31285    1.11    9.81  157.78  310.17    9.34    1.40    9.06  176.39   56.72    9.28    1.12    8.95   16.84    6.22    9.20    0.80    8.89  0.01  21.2    8.66  0.05    0.50  0.06    8.86  0.03    0.73  0.03
128   83.75322   -5.27003    0.52    9.81  105.50  237.18    9.32    1.54    9.50  208.13   53.62    9.36    1.03    9.50   30.74    7.46    9.41    0.45    9.54  0.02  17.9    9.39  0.01    0.92  0.01    9.44  0.01    0.51  0.01
129   83.88409   -5.09695    3.30   11.31  152.76  309.96   11.25    1.74   11.81  286.63   68.64   11.66    1.00   11.92   44.23   10.38   11.85    0.56   12.08  0.02  18.5   11.77  0.01    0.81  0.01   11.93  0.01    0.55  0.01
130   83.87380   -4.97238    1.74   12.06  142.68  180.09   11.80    0.87   11.70  339.22   67.00   11.80    0.66   11.70   53.00    9.99   11.82    0.44   11.62  0.01  19.4   11.81  0.01    0.66  0.01   11.78  0.01    0.47  0.01
133   84.15429   -6.25039    0.83    7.81   76.57  140.12    7.78    1.31    7.74  149.68   39.76    7.68    0.90    7.63   25.58    7.65    7.75    0.59    7.35  0.05  15.5    7.78  0.01    0.86  0.01    7.34  0.67    4.28  0.91
134   83.80037   -5.57433    0.90    8.06  158.85  288.67    7.78    1.66    7.96  288.66   79.76    7.63    1.19    7.96   48.04   11.56    7.64    0.67    8.13  0.00  18.0    7.67  0.02    0.92  0.02    7.81  0.01    0.52  0.01
137   83.86283   -5.19270    0.74   10.81  200.71  256.21   11.01    1.09   10.93  290.08   48.44   10.84    0.68   10.82   23.50    4.67   10.85    0.44   11.02  0.00  19.7   10.85  0.00    0.55  0.00   10.85  0.01    0.54  0.01
139   83.84413   -5.11082    0.61   10.56  139.37  253.87   10.48    1.54   10.93  316.94   64.64   10.98    0.76   10.93   38.84    9.01   11.09    0.48   11.05  0.01  19.3   11.03  0.00    0.68  0.00   11.08  0.01    0.54  0.01
142   83.88501   -5.10955    0.45   11.31  143.42  270.24   10.79    1.58   11.59  235.27   50.32   11.46    0.93   11.59   29.39    5.93   11.70    0.55   11.75  0.01  18.1   11.66  0.01    0.72  0.01   11.71  0.01    0.60  0.01
144   83.83382   -5.08503    1.75   10.81  118.56  291.27    9.95    1.85   10.82  298.90   93.03   10.44    1.13   10.93   33.73   12.26   10.61    0.90   10.91  0.04  19.4   11.01  0.02    0.74  0.01   11.05  0.02    0.52  0.03
147   83.82629   -5.20081    0.31   10.06  154.63  289.69   10.08    1.38   10.71  246.04   58.61   10.37    0.96   10.82   26.49    6.33   10.68    0.50   10.69  0.01  18.0   10.55  0.01    0.81  0.01   10.71  0.01    0.56  0.01
153   83.78853   -5.86895    1.75    8.56   94.82  181.31    7.81    1.57    6.97  160.71   39.56    7.54    1.07    6.97   20.99    6.20    7.36    0.58    6.94  0.01  13.7    6.82  0.01    0.33  0.01    6.87  0.03    0.33  0.02
154   83.73949   -5.76451    1.02    8.31  104.13  195.29    8.31    1.58    8.40  204.09   65.13    7.82    1.21    8.51   23.27    9.34    7.53    0.84    7.34  0.01  15.8    7.69  0.03    1.26  0.03    7.57  0.03    1.10  0.03
161   83.87602   -5.10059    0.72   11.31  143.57  306.27   10.82    1.70   11.70  282.47   63.33   11.44    1.03   11.81   38.64    8.88   11.73    0.51   11.95  0.02  18.5   11.69  0.01    0.74  0.01   11.77  0.01    0.54  0.01
164   83.75679   -5.25595    1.10    9.81  115.43  213.99    9.28    1.35    9.50  233.24   63.84    9.37    0.98    9.17   32.45    8.75    9.29    0.64    9.14  0.03  17.4    9.37  0.01    0.94  0.01    9.26  0.01    0.71  0.01
165   83.68338   -5.69030    1.20    9.31   81.44  189.19    8.11    1.73    7.85  150.89   51.35    8.32    1.17    7.74   25.52    5.76    8.03    0.72    7.67  0.02  13.5    7.74  0.01    0.78  0.01    7.70  0.01    0.40  0.01
166   83.86629   -5.06040    0.61   10.81  114.50  175.69   10.87    1.10   10.82  261.49   55.08   10.89    0.70   10.82   37.01    8.24   10.83    0.49   10.93  0.01  16.7   10.85  0.00    0.69  0.00   10.82  0.01    0.55  0.01
167   83.86085   -5.06032    1.95   11.06  116.22  172.95   10.95    1.06   10.93  249.26   53.47   10.91    0.72   10.93   34.52    8.02   10.81    0.51   10.95  0.01  16.4   10.88  0.00    0.71  0.00   10.82  0.01    0.58  0.01
169   83.76035   -5.41373    0.66    9.31  150.77  324.99    9.49    1.57    8.95  184.09   79.02    9.55    1.46    8.73   15.18    7.76    9.60    1.11    9.03  0.12  23.4    8.96  0.01    1.09  0.01    8.90  0.03    0.90  0.02
170   83.82585   -5.22697    0.31   10.06  179.23  330.88   10.26    1.44   10.60  232.56   55.62   10.30    0.98   10.60   22.87    6.18   10.40    0.50   10.75  0.01  19.6   10.39  0.01    0.79  0.01   10.45  0.01    0.61  0.01
172   83.78475   -5.85627    1.78    8.56  110.94  190.83    7.72    1.69    6.75  171.55   39.02    7.35    1.27    6.75   26.38    5.14    6.78    0.44    6.67  0.00  14.0    6.62  0.01    0.47  0.01    6.69  0.02    0.39  0.02
174   83.76215   -5.60311    1.68    7.81  146.22  269.42    7.90    1.57    7.30  303.83   94.17    7.55    1.26    7.08   60.50   14.60    7.26    0.74    7.11  0.00  16.2    7.29  0.01    0.93  0.02    6.98  0.01    0.37  0.01
177   83.85584   -5.09951    0.67   10.81  133.86  262.72   10.67    1.57   11.15  285.22   63.51   11.08    0.85   11.37   37.41    8.94   11.21    0.53   11.42  0.00  17.6   11.13  0.00    0.75  0.00   11.22  0.01    0.60  0.01
179   83.85463   -5.25948    0.27   10.31  206.59  323.41   10.31    1.16   10.49  232.36   52.83   10.32    0.97   10.71   16.03    3.72   10.44    0.40   10.37  0.11  21.3   10.44  0.01    0.76  0.01   10.50  0.02    0.57  0.02
180   83.82183   -5.07955    0.54   11.31  119.44  257.63   10.26    1.43   10.49  316.83  100.51   10.34    1.04   10.49   31.93   13.00   10.36    0.91   10.08  0.06  22.5    9.84  0.68    1.06  0.22   10.07  0.19    1.02  0.07
181   83.89253   -4.99704    0.61   11.56  124.56  141.37   11.41    0.84   11.59  270.97   42.05   11.51    0.57   11.70   34.91    5.12   11.60    0.34   11.67  0.02  19.4   11.55  0.00    0.51  0.00   11.63  0.01    0.39  0.01
182   83.77374   -4.90811    2.41   11.31  197.93  227.18   11.83    0.91   11.15  333.26   59.10   11.70    0.84   11.15   24.71    3.83   11.54    0.73   10.94  0.01  18.8   11.15  0.00    0.37  0.00   11.14  0.01    0.29  0.01
189   83.72439   -5.77180    2.04    8.31  108.54  179.76    8.22    1.49    8.40  214.73   57.16    8.10    1.02    8.29   32.25    9.48    8.13    0.65    8.17  0.01  16.0    8.12  0.02    1.00  0.02    8.24  0.02    0.75  0.02
191   83.75644   -5.30353    0.31    9.81  124.88  276.07    9.53    1.59    8.84  164.07   47.26    9.19    1.15    8.73   20.45    5.08    8.82    0.52    8.52  0.05  16.3    9.03  0.02    1.04  0.02    8.77  0.02    0.63  0.02
192   83.86733   -5.08365    0.55   11.31  125.25  203.51   11.30    1.36   11.37  278.03   52.07   11.37    0.76   11.37   36.67    6.42   11.35    0.46   11.43  0.00  16.4   11.38  0.01    0.63  0.01   11.37  0.01    0.46  0.01
193   83.82760   -5.23540    0.63   10.31  185.92  344.48   10.28    1.41   10.60  237.31   58.81   10.32    1.04   10.60   23.79    7.13   10.42    0.53   10.71  0.00  21.1   10.39  0.01    0.86  0.01   10.47  0.02    0.70  0.02
194   83.79358   -5.92738    1.51    8.31   99.94  212.88    8.62    1.57    7.96  154.48   50.29    8.36    1.17    7.96   18.65    5.49    7.85    0.48    7.42  0.00  14.3    7.90  0.01    0.87  0.01    7.82  0.02    0.67  0.02
197   83.87226   -5.20200    1.25   11.06  189.77  246.77   10.95    0.96   10.49  226.30   43.17   10.73    0.69   10.49   19.39    4.68   10.57    0.42   10.52  0.01  19.8   10.69  0.01    0.65  0.01   10.52  0.02    0.49  0.02
198   83.77046   -4.95716    1.52   10.06  133.66  273.41   11.33    1.33   11.26  305.04   83.22   11.04    1.04   11.37   37.44    8.19   11.03    0.59   11.46  0.01  18.3   11.39  0.01    0.45  0.01   11.24  0.02    0.50  0.02
199   83.80018   -5.95131    1.49    9.81  105.33  227.90    8.87    1.72    7.96  157.93   54.60    8.56    1.11    7.96   19.69    6.03    8.13    0.57    7.75  0.01  14.1    7.72  0.02    0.35  0.02    8.08  0.02    0.76  0.02
203   83.82688   -5.08047    0.58   10.81  119.07  259.88   10.26    1.49   10.82  304.02  100.91   10.36    1.07   11.04   32.65   13.29   10.38    0.97    9.74  0.05  20.7   10.11  0.03    0.99  0.02    9.27  0.05    0.67  0.04
207   83.76871   -4.92399    0.42   11.56  194.19  258.10   11.96    0.98   11.15  357.14   63.97   11.72    0.89   11.15   28.20    5.50   11.54    0.77   11.12  0.01  18.3   11.12  0.00   -0.38  0.00   11.11  0.01    0.30  0.01
208   83.78403   -4.93252    0.32   11.56  206.01  283.23   11.80    0.99   11.04  431.40   87.92   11.56    0.87   11.04   23.89    7.02   11.46    0.71   11.16  0.03  18.3   11.08  0.01    0.47  0.01   11.01  0.01    0.29  0.02
211   83.72458   -4.95249    0.98   11.06  127.22  208.92   11.09    1.24   10.82  215.67   40.19   10.93    0.82   10.82   31.22    4.93   10.85    0.32   10.91  0.01  16.7   10.85  0.01    0.62  0.01   10.86  0.01    0.37  0.01
213   83.92177   -5.04128    0.94   11.31  108.08  124.87   11.11    1.12   11.59  187.85   29.41   11.49    0.57   11.59   19.29    4.38   11.53    0.39   11.98  0.02  14.8   11.55  0.01    0.53  0.01   11.55  0.02    0.48  0.02
220   83.75208   -5.66773    0.73    7.56  112.10  219.72    8.17    1.45    7.19  205.02   69.88    8.16    1.07    7.19   22.39    8.51    8.12    0.91    8.47  0.02  17.6    8.80  0.02    0.85  0.01    8.21  0.02    0.35  0.03
221   83.73876   -5.34577    0.72    9.56  148.92  314.03    9.26    1.56    8.51  211.88   69.39    9.01    1.19    8.40   30.68    8.75    8.66    0.67    8.55  0.05  20.5    8.83  0.02    1.12  0.02    8.61  0.01    0.77  0.01
223   83.75273   -4.97396    0.28   12.57  143.38  256.77   11.47    1.42   10.82  187.09   49.12   11.30    1.08   10.93   20.88    4.68   10.88    0.36   10.84  0.01  16.8   10.80  0.02    0.41  0.02   10.89  0.01    0.46  0.01
225   83.78123   -5.94482    0.88    9.56   97.88  187.09    8.65    1.57    8.62  179.14   44.06    8.54    0.92    8.18   31.41    7.56    8.45    0.44    8.22  0.00  13.0    8.56  0.01    0.80  0.01    8.44  0.01    0.52  0.01
226   83.76019   -5.63125    0.69    7.56  138.98  244.83    8.13    1.44    8.73  224.29   70.62    7.98    1.04    8.73   34.69    8.29    7.91    0.83    8.70  0.00  14.9    8.68  0.02    0.52  0.02    8.67  0.01    0.36  0.01
228   83.75243   -5.36597    0.56    9.31  172.73  324.55    9.15    1.40    8.51  207.85   71.42    9.04    1.17    8.40   25.91    8.21    8.78    0.75    8.68  0.02  22.1    8.93  0.01    1.15  0.01    8.70  0.02    0.85  0.02
231   83.79408   -4.99982    1.21   11.81  128.41  265.87   10.45    1.47   11.48  283.35   82.75   10.76    1.03   11.26   31.60   10.63   10.84    0.69   10.59  0.02  19.1   10.92  0.02    1.03  0.02   10.95  0.02    0.78  0.02
232   83.82275   -4.94168    0.32   12.57  153.49  188.13   12.14    0.82   12.36  333.20   63.85   12.13    0.67   12.47   27.03    5.71   12.33    0.52   12.65  0.02  23.3   12.22  0.01    0.63  0.01   12.40  0.02    0.57  0.02
234   83.78691   -5.88847    0.81    8.31   95.36  193.52    7.90    1.95    7.96  112.79   33.41    7.90    0.95    7.85   11.42    3.43    7.72    0.46    7.79  0.01  13.9    7.79  0.01    0.95  0.01    7.80  0.03    0.80  0.03
235   83.74957   -5.33127    0.29   10.06  137.60  308.53    9.13    1.70    7.52  122.89   46.47    8.78    1.48    7.41   13.50    5.18    8.25    0.88    7.66  0.04  16.4    7.65  0.01    0.66  0.01    7.74  0.04    0.58  0.04
239   83.75886   -5.29740    0.34    9.56  120.20  293.53    9.77    1.85    8.62  136.55   44.71    9.23    1.30    8.62   15.54    4.45    8.69    0.56    8.59  0.06  16.3    8.98  0.02    1.18  0.02    8.71  0.03    0.70  0.03
240   83.71620   -4.93830    0.26   11.06  135.69  205.49   11.36    1.26   10.93  210.04   40.60   11.00    0.91   10.93   23.73    4.45   10.83    0.36   11.04  0.06  18.1   10.80  0.01    0.52  0.01   10.87  0.01    0.45  0.01
241   83.77792   -4.93596    0.46   11.31  176.59  279.50   11.77    1.13   10.93  405.76   80.52   11.48    1.00   10.93   31.19    7.63   11.23    0.74   11.09  0.00  17.9   10.97  0.00    0.49  0.00   10.94  0.01    0.37  0.01
245   83.82808   -5.06771    0.22   11.06  119.55  245.82   10.96    1.39   10.49  269.65   77.66   10.75    0.92   11.26   25.08    9.13   10.77    0.74   10.12  0.03  21.8   10.71  0.01    0.96  0.01   10.78  0.02    0.90  0.02
246   83.87723   -5.87634    1.10    8.06   69.00  117.29    8.29    1.26    7.74  162.86   39.18    7.92    0.86    7.85   22.38    5.32    7.74    0.47    7.30  0.01  12.0    7.82  0.01    0.81  0.01    7.72  0.01    0.60  0.01
247   83.81210   -5.27932    0.49   10.31  176.43  307.91    9.84    1.28   10.16  247.84   71.59    9.88    1.02   10.16   23.72    8.01    9.97    0.65   10.42  0.04  25.2    9.99  0.01    0.99  0.01   10.02  0.02    0.81  0.02
249   83.84900   -5.09092    0.30   11.06  123.30  265.68   10.40    1.69   10.93  246.52   57.59   10.93    0.89   10.71   27.05    7.13   11.03    0.54   11.32  0.01  16.9   11.01  0.01    0.76  0.01   11.01  0.01    0.65  0.01
250   83.87190   -4.99081    1.65   11.81  127.71  167.48   11.82    0.94   11.70  292.85   61.09   11.82    0.71   12.03   38.31    9.64   11.91    0.51   11.79  0.01  18.5   11.85  0.00    0.69  0.00   11.91  0.01    0.58  0.01
254   83.90602   -6.16198    0.45    9.31   76.87  134.06    8.56    1.38    9.28  142.15   39.04    8.47    1.05    9.39   16.49    4.41    8.56    0.76    7.18  0.02  14.4    7.67  0.05    0.91  0.04    8.15  0.08    0.94  0.06
256   83.79314   -5.27891    0.46   10.31  161.82  292.95    9.77    1.33    9.39  256.72   75.17    9.60    1.05    9.39   30.53    9.53    9.51    0.77    9.35  0.06  21.8    9.55  0.01    1.04  0.01    9.36  0.02    0.78  0.02
257   83.75793   -5.23305    0.44   10.56  124.88  235.74    9.69    1.40    9.94  237.41   61.94    9.78    0.94    9.72   33.60    8.33    9.76    0.56    9.86  0.06  15.7    9.84  0.01    0.89  0.01    9.76  0.01    0.62  0.01
259   83.74219   -5.33073    0.29   10.31  117.53  277.77    9.02    1.66    7.63  107.16   43.55    8.79    1.40    7.74   10.34    4.15    8.33    0.72    8.20  0.06  16.0    8.64  0.03    1.53  0.03    8.37  0.05    1.10  0.05
260   83.81226   -5.26960    0.67   10.06  179.25  300.00    9.90    1.24   10.27  281.96   72.97   10.02    1.02   10.27   29.39    7.99   10.09    0.60   10.39  0.02  21.2   10.11  0.01    0.91  0.01   10.16  0.02    0.72  0.02
264   83.75742   -5.92680    4.16    8.81   91.97  173.25    8.72    1.52    8.29  164.71   44.65    8.42    0.98    8.18   35.23    7.85    8.20    0.52    8.04  0.00  13.5    8.32  0.01    0.85  0.01    8.17  0.01    0.55  0.01
265   84.10731   -6.23729    0.94    8.81   96.45  146.11    8.11    1.27    8.51  174.12   43.94    8.17    0.90    8.29   34.70    8.51    8.28    0.47    7.99  0.01  12.8    8.36  0.01    0.76  0.01    8.28  0.01    0.55  0.01
266   83.91805   -5.11422    0.32   11.06  117.26  205.46   11.49    1.32   12.14  186.29   47.09   11.86    0.88   12.36   22.93    6.45   12.07    0.55   12.36  0.02  19.2   11.99  0.01    0.88  0.01   12.08  0.02    0.69  0.02
269   83.83881   -5.17787    0.71   10.31  153.85  320.39   10.45    1.60   11.26  255.05   54.80   10.99    1.10   11.37   27.72    6.24   11.31    0.50   11.51  0.00  18.7   11.20  0.02    0.81  0.02   11.32  0.02    0.55  0.02
274   83.70746   -5.77024    0.59    8.06   91.70  168.02    8.20    1.37    8.18  185.90   52.87    8.38    0.90    8.95   29.91    8.59    8.58    0.63    8.26  0.02  16.3    8.29  0.01    0.87  0.01    8.69  0.02    0.69  0.02
282   84.09522   -6.21789    0.39    9.31  109.75  148.79    8.32    1.37    8.73  175.74   45.47    8.44    0.94    8.07   30.04    7.53    8.47    0.51    8.05  0.01  13.9    7.93  0.01    0.37  0.01    8.00  0.02    0.28  0.01
283   83.85865   -5.87194    1.11    8.31   69.22  114.67    8.47    1.34    7.85  154.53   35.31    7.87    0.85    7.85   40.93    7.49    7.64    0.40    7.43  0.01  12.0    7.72  0.01    0.71  0.01    7.68  0.01    0.48  0.01
287   83.66783   -5.52075    0.89   10.06   87.33  187.32    8.73    1.62    7.08  160.51   41.08    8.08    1.40    6.97   25.57    5.26    7.10    0.41    6.94  0.02  14.2    7.12  0.01    0.58  0.01    7.02  0.01    0.44  0.01
291   83.77259   -5.30811    0.18    9.81  130.32  261.08    9.57    1.56    9.50  124.96   40.45    9.50    1.18    9.50   11.17    4.65    9.55    0.65    0.00  0.00  17.9    9.58  0.01    1.11  0.01    9.56  0.03    1.06  0.03
292   83.88603   -5.15899    0.27   11.06  179.15  236.62   11.15    1.04   11.04  292.83   51.03   11.04    0.70   11.15   30.37    6.25   11.05    0.38   11.06  0.07  22.5   11.06  0.01    0.59  0.01   11.06  0.01    0.46  0.01
293   83.90896   -5.01580    0.40   11.56  114.02  119.63   11.41    0.76   11.59  218.47   31.03   11.46    0.57   11.59   24.60    4.04   11.56    0.30   11.54  0.02  15.5   11.54  0.01    0.47  0.01   11.58  0.01    0.36  0.01
294   84.10313   -6.23431    3.60    9.06   95.80  150.21    8.21    1.31    8.62  177.19   46.03    8.23    0.93    8.29   36.60    9.13    8.32    0.48    7.96  0.01  12.9    8.41  0.01   -0.79  0.01    8.32  0.01    0.56  0.01
300   83.88596   -5.16940    0.29   11.06  167.13  200.84   10.89    0.91   11.04  246.16   45.66   10.93    0.67   11.15   22.66    4.74   10.96    0.41   11.08  0.01  22.0   10.96  0.00    0.61  0.00   10.95  0.01    0.51  0.01
302   83.82228   -5.04308    0.56   11.31  112.87  223.72   10.84    1.26   10.93  290.67   72.24   10.89    0.83   10.49   30.35    8.65   10.89    0.57   10.78  0.03  22.7   10.86  0.01    0.83  0.01   10.82  0.02    0.70  0.02
306   83.77675   -5.28182    0.31   10.31  138.72  290.93    9.36    1.90    9.39  203.25   52.96    9.38    1.23    9.39   21.35    5.27    9.36    0.56    9.40  0.03  21.7    9.44  0.02    0.94  0.02    9.38  0.02    0.69  0.02
310   83.76282   -5.46122    0.17   11.56  132.05  328.02   10.30    1.72   11.81  128.74   58.55   10.47    1.49   10.49    7.21    4.84   10.80    0.88   11.06  0.11  29.3   10.34  0.03    1.45  0.02   10.68  0.05    1.63  0.05
312   83.71450   -5.64783    0.80    8.06   92.57  213.41    8.11    1.81    7.85  166.15   48.17    7.92    1.33    7.63   32.96    6.57    7.60    0.43    7.84  0.03  17.8    7.89 25.12    2.83 64.39    7.65  0.01    0.42  0.01
317   83.75261   -5.32364    0.59   10.06  145.15  325.08    9.22    1.69    7.96  138.15   52.12    8.82    1.43    8.07   16.68    6.03    8.36    0.87    0.00  0.00  15.9    7.84  0.01    0.74  0.01    7.95  0.02    0.57  0.02
319   83.70721   -4.91835    0.28   10.81  110.89  169.06   11.07    1.17   10.82  181.94   33.97   10.80    0.81   10.71   25.30    3.49   10.76    0.31     nan   nan  21.4   10.78  0.01    0.61  0.01   10.75  0.01   -0.38  0.01
323   83.81324   -5.28590    0.21   10.31  175.64  319.37    9.86    1.33    9.83  218.94   70.29    9.83    1.08   10.38   17.46    7.36    9.85    0.74   10.02  0.11  25.0    9.89  0.01    1.07  0.01    9.87  0.02    0.93  0.02
327   83.87514   -5.08087    0.41   11.31  126.26  181.93   11.31    1.20   11.26  265.49   47.05   11.25    0.69   11.26   34.45    6.08   11.29    0.44   11.33  0.01  16.4   11.27  0.01    0.60  0.01   11.28  0.01    0.46  0.01
330   83.81624   -5.25487    1.71   10.31  188.73  320.45    9.98    1.23   10.27  286.89   71.21   10.00    0.96   10.27   29.51    8.20   10.08    0.59   10.31  0.02  20.3   10.06  0.01    0.86  0.01   10.11  0.01    0.70  0.01
331   83.82015   -5.24576    0.25   10.31  191.83  338.42    9.98    1.31   10.27  263.79   68.83   10.09    0.99   10.16   26.61    9.19   10.17    0.61    9.95  0.05  21.0   10.20  0.01    0.88  0.01   10.21  0.01    0.74  0.01
342   83.79221   -5.63126    1.75    8.31  130.71  210.94    8.40    1.39    8.18  195.67   52.85    8.05    1.05    7.30   32.18    9.11    7.58    0.59    7.62  0.02  16.9    7.88  0.01    0.93  0.01    7.53  0.01    0.67  0.01
353   83.73182   -5.33475    0.10   10.06  126.63  285.93    9.22    1.67    9.06  156.29   52.85    9.12    1.20    9.28   13.23    5.16    8.77    0.63    0.00  0.00  22.3    8.99  0.01    1.18  0.01    8.81  0.02    0.91  0.02
355   83.91499   -5.10713    1.54   11.06  141.81  191.87   11.48    1.05   11.37  252.69   52.39   11.62    0.71   11.59   30.30    8.07   11.66    0.50   11.66  0.03  20.7   11.61  0.01    0.67  0.01   11.65  0.01    0.59  0.01
357   84.08591   -6.22051    0.32    9.31  108.72  151.07    8.40    1.32    8.73  176.61   45.38    8.48    0.91    8.51   32.25    7.84    8.51    0.47    8.46  0.02  13.9    8.65  0.01    0.78  0.01    8.48  0.01    0.56  0.01
361   83.68854   -5.73855    0.73    8.81   89.65  165.02    8.48    1.36    9.17  185.39   45.65    8.73    0.90    8.95   36.74    5.61    8.98    0.44    8.96  0.00  12.7    9.34  0.01    0.51  0.01    9.04  0.01    0.23  0.01
362   83.75024   -5.64903    0.72    7.06  122.55  231.66    8.30    1.52    9.06  217.11   70.25    8.16    1.10    9.06   37.26    9.97    8.13    0.91    8.96  0.01  15.5    8.81  0.03    0.62  0.02    8.97  0.01    0.34  0.01
363   83.72537   -5.62012    0.32    7.81  121.42  240.49    7.82    1.75    6.64  182.01   65.44    7.69    1.54    6.53   24.28    8.09    6.79    0.58    6.32  0.02  22.0    6.99  0.01    0.97  0.01    6.71  0.02    0.67  0.02
367   83.82254   -5.18514    0.14   10.06  155.90  301.54   10.29    1.39   11.04  257.98   60.65   10.58    0.95   11.15   29.36    6.72   10.92    0.53   11.22  0.03  20.0   10.77  0.02    0.88  0.02   11.05  0.02    0.51  0.02
371   83.73876   -5.69251    1.48    7.81  108.25  198.20    8.23    1.41    7.41  198.14   69.88    8.29    1.06    8.84   38.45   11.67    8.36    0.84    8.02  0.03  15.0    8.29 21994.75    1.23 902.96    7.32  0.01    0.35  0.01
387   83.70517   -5.69387    0.19    8.81   91.67  194.32    8.32    1.54    7.30  151.21   56.13    8.26    1.11    7.19   23.81    6.26    7.92    0.84    7.67  0.07  17.0    7.26  0.01    0.56  0.01    7.27  0.01    0.40  0.01
390   83.89300   -5.08923    0.12   11.06  153.53  253.24   11.81    1.53   11.48  281.82   60.30   11.58    0.92   11.70   30.44    7.06   11.66    0.47   11.72  0.09  22.2   11.47  0.01    0.70  0.01   11.64  0.01    0.54  0.01
391   83.79428   -4.97123    0.11   11.06  139.61  236.46   11.09    1.10   10.71  338.96   86.87   10.97    0.81   10.93   52.07   11.51   10.94    0.47   11.15  0.03  21.6   10.95  0.01    0.84  0.01   10.92  0.01    0.50  0.01
401   83.76262   -4.98428    0.34   12.31  123.07  221.18   11.28    1.28   10.60  193.87   51.21   11.14    0.94   10.60   17.46    4.12   10.90    0.50   10.43  0.01  16.6   10.49  0.01    0.25  0.01   10.86  0.02    0.63  0.02
402   83.71703   -4.94449    0.47   11.06  130.36  188.73   11.10    1.22   10.82  209.62   38.57   10.89    0.83   10.93   27.71    4.60   10.85    0.33   11.00  0.03  16.7   10.79  0.01    0.60  0.01   10.86  0.01    0.39  0.01
405   83.74210   -5.70125    1.13    7.81  119.65  184.58    8.14    1.30    7.96  196.41   70.34    8.11    1.03    8.95   38.44   12.34    8.19    0.88    8.73  0.01  15.1    9.30  0.01    0.41  0.02    8.95  0.01    0.34  0.01
407   83.75100   -5.41395    0.85    9.81  133.62  304.14   10.13    1.67    9.83  166.24   75.91   10.18    1.41    9.50   14.17    7.30   10.10    1.02   10.65  0.12  23.7   10.25  0.01   -1.49  0.01   10.11  0.03    1.40  0.03
413   83.73518   -5.56496    0.76    8.06  123.03  243.72    8.46    1.45    6.97  163.03   52.82    8.04    1.53    6.97   19.31    5.59    6.95    0.84    6.61  0.01  13.3    6.77  0.03    0.52  0.02    6.73  0.02    0.43  0.02
420   83.74128   -5.72616    0.17    7.81  112.69  164.62    8.13    1.31    8.07  213.02   64.26    7.98    0.98    8.73   29.98   10.43    8.00    0.86    7.05  0.01  15.5    6.80  0.01    0.39  0.01    7.00  0.02    0.34  0.02
422   83.89687   -5.17238    0.29   10.81  151.09  180.73   10.78    0.87   10.82  228.54   38.16   10.81    0.65   10.71   21.16    3.06   10.80    0.34   10.79  0.02  20.9   10.80  0.00    0.56  0.00   10.80  0.01    0.43  0.01
431   83.75942   -5.63871    0.49    7.56  139.80  236.84    8.29    1.45    7.08  221.74   74.42    8.05    1.06    8.73   34.07    9.88    7.98    0.87    8.72  0.00  14.8    7.97   nan    0.67   nan    8.74  0.01    0.41  0.01
432   83.79646   -5.62771    0.45    8.31  124.93  206.82    8.42    1.41    8.07  184.68   51.63    8.11    1.10    7.41   24.93    7.84    7.64    0.59    7.65  0.03  16.0    7.90  0.01    0.94  0.01    7.59  0.01    0.69  0.01
434   83.73855   -4.95586    0.18   11.81  123.02  226.69   11.36    1.23   11.26  205.23   45.32   11.18    0.89   11.15   20.19    4.14   11.16    0.41   10.90  0.07  17.7   11.17  0.01    0.80  0.01   11.12  0.01    0.54  0.01
440   83.78488   -5.96492    0.86    9.06   85.23  180.12    8.76    1.64    8.40  175.32   42.04    8.43    0.87    8.18   44.17    8.26    8.28    0.43    8.10  0.00  13.9    8.41  0.01    0.77  0.01    8.21  0.01    0.44  0.01
441   83.71771   -5.73641    0.81    7.81  107.90  169.38    8.15    1.24    7.85  215.58   65.69    8.19    0.95    9.06   37.08   13.53    8.23    0.85    8.04  0.05  15.0    7.95  0.01    0.92  0.01    8.02  0.02    0.42  0.03
461   83.80562   -5.16646    0.22   10.31  167.67  300.09   10.15    1.42   10.71  328.76   74.30   10.47    0.85   10.82   28.85    6.34   10.73    0.46   10.63  0.04  21.1   10.81  0.01    0.55  0.01   10.78  0.01    0.53  0.01
462   83.90534   -5.10844    0.44   11.31  149.88  201.27   11.44    1.05   11.70  277.32   55.47   11.65    0.74   11.70   31.06    7.13   11.78    0.46   11.61  0.04  20.6   11.67  0.00    0.66  0.00   11.78  0.01    0.57  0.01
463   83.87745   -5.04815    0.28   10.81  108.11  133.43   10.87    0.85   10.60  223.67   39.23   10.80    0.64   10.49   34.54    6.09   10.69    0.45   10.73  0.15  20.0   10.70  0.01    0.60  0.01   10.56  0.01    0.42  0.01
464   83.77074   -4.94613    0.40   10.81  146.76  300.08   11.26    1.41   11.04  313.44   78.32   11.16    1.21   11.04   32.35    7.46   11.31    0.73   11.06  0.01  17.5   11.01  0.00    0.50  0.00   11.02  0.01    0.40  0.01
469   83.80346   -5.92901    0.33    8.56   99.59  199.68    8.61    1.53    7.52  143.29   41.01    8.17    1.10    7.41   16.60    3.73    7.68    0.42    7.53  0.00  14.4    7.61  0.04    0.73  0.02    7.66  0.02    0.59  0.02
470   83.74294   -5.68198    0.68    7.81  101.48  201.62    8.18    1.44    8.40  191.54   70.25    8.30    1.03    8.62   35.76   11.14    8.43    0.83    7.88  0.05  17.0    8.33  0.01    1.02  0.01    7.32  0.01    0.35  0.01
471   83.81435   -5.55115    0.88    7.06  139.02  238.60    7.71    1.76    7.08  262.61   63.18    7.49    1.30    7.08   26.21    7.53    7.23    0.58    0.00  0.00  19.3    7.16  0.01    0.81  0.01    7.17  0.02    0.68  0.02
478   83.82794   -5.93413    0.60    8.06  107.68  168.08    8.56    1.38    8.07   87.88   27.54    7.95    1.08    6.86    8.83    3.60    7.54    0.68    6.78  0.01  12.7    6.79  0.01    0.25  0.02    7.48  0.06    1.20  0.06
486   83.92940   -5.09902    0.16   10.81  131.95  185.61   11.44    1.04   11.04  196.43   39.54   11.32    0.71   11.15   15.92    4.01   11.29    0.43    0.00  0.00  28.2   11.25  0.01    0.71  0.01   11.23  0.02    0.62  0.02
493   84.15930   -6.26998    0.14    8.81   78.16  135.44    8.03    1.37    8.62  154.79   39.84    8.09    1.02    8.29   23.96    5.38    8.41    0.44    0.00  0.00  20.2    8.71  0.11    1.13  0.04    6.34  0.05    0.32  0.05
498   83.77784   -5.26313    0.52    9.81  152.20  280.41    9.50    1.42    9.61  273.68   68.47    9.59    1.06    9.61   30.83    8.83    9.73    0.54    0.00  0.00  18.4    9.71  0.01    0.83  0.01    9.69  0.01    0.64  0.01
500   83.90644   -5.09942    0.36   11.06  152.30  209.15   11.37    1.06   11.48  287.08   56.18   11.47    0.68   11.59   29.00    6.76   11.53    0.49   11.37  0.02  21.0   11.49  0.00    0.64  0.00   11.52  0.01    0.56  0.01
508   83.88870   -6.10200    0.10    9.06   96.99  157.85    8.36    1.47    9.06  186.66   55.99    8.23    1.11    8.18   15.06    6.38    8.14    0.86    8.80  0.08  17.6    9.16  0.01    0.52  0.01    9.15  0.06    0.35  0.04
518   83.89446   -5.18567    0.09   10.56  171.63  187.24   10.58    0.78   10.38  265.90   41.95   10.57    0.61   10.38   21.27    3.75   10.54    0.39    0.00  0.00  23.2   10.51  0.01    0.53  0.01   10.51  0.01    0.48  0.01
524   83.75788   -5.88522    0.26    9.31   90.72  198.46    8.44    1.66    7.52  149.20   49.03    8.13    1.19    7.30   24.11    6.46    7.65    0.67    7.69  0.08  15.7    7.43  0.01    0.73  0.01    7.85  0.05    1.11  0.04
535   83.92459   -6.12882    0.56    9.31   88.18  142.06    8.31    1.35    9.17  160.49   53.43    8.14    1.11    7.74   15.63    8.45    8.00    0.95    8.23  0.08  13.6    8.43  0.02    0.78  0.02    7.88  0.07    0.55  0.15
537   83.78815   -5.91879    0.35    8.31   95.56  212.09    8.58    1.67    7.96  152.44   46.65    8.36    1.15    7.96   17.85    5.60    7.98    0.55    7.62  0.01  14.1    8.13  0.03    1.14  0.03    7.94  0.02    0.74  0.02
538   83.71536   -5.70617    0.29    7.56   98.58  182.71    8.35    1.28    8.95  197.06   59.80    8.32    0.97    7.63   30.50   10.22    8.07    0.73    8.37  0.05  16.9    9.04  0.01    0.58  0.01    8.98  0.01    0.32  0.01
539   83.95736   -5.51178    0.28    7.31  159.03  312.00    9.71    2.28    7.30  197.20   40.24    9.27    2.28    7.30    8.80    1.81    7.39    0.15    0.00  0.00  20.5    7.30  0.08   -1.40  0.11    7.39  0.02    0.27  0.02
540   83.72819   -5.40841    0.17   10.81  111.43  267.66   10.97    1.86   11.70  199.30   69.14   11.29    1.53   11.70   15.77    6.10   11.64    0.56   11.75  0.08  22.5   11.64  0.02    1.17  0.02   11.64  0.03    0.91  0.03
543   83.87811   -5.12074    0.29   10.81  171.31  244.05   10.89    1.18   11.48  279.76   50.32   11.24    0.76   11.48   32.61    6.16   11.39    0.45   11.48  0.01  18.4   11.37  0.01    0.60  0.01   11.42  0.01    0.48  0.01
545   83.76186   -4.93142    0.18   11.06  151.49  232.33   11.66    1.12   11.04  293.73   49.81   11.39    0.93   11.04   24.88    3.71   11.05    0.27   10.92  0.03  18.0   11.00  0.01    0.32  0.01   11.06  0.01    0.32  0.01
546   83.73587   -4.90142    0.10   11.06  140.64  101.36   11.23    0.63   11.15  242.90   25.23   11.17    0.50   11.04   22.62    3.60   11.10    0.25   11.19  0.01  18.4   11.10  0.00    0.32  0.00   11.10  0.01   -0.30  0.01
551   83.88134   -5.89270    1.13    7.06   71.00  131.75    8.13    1.38    7.85  151.60   38.46    7.62    0.94    7.74   27.72    5.85    7.33    0.48    7.64  0.00  11.3    7.39  0.02    0.79  0.02    7.40  0.02    0.55  0.02
554   83.75212   -5.30263    0.68    9.56  124.33  276.44    9.44    1.56    8.73  168.21   49.20    9.16    1.16    8.73   20.31    4.93    8.81    0.52    0.00  0.00  16.0    8.99  0.02    1.05  0.02    8.76  0.02    0.63  0.02
570   84.16045   -6.26304    0.45    8.56   76.51  140.27    7.99    1.39    8.18  149.20   40.95    7.99    1.01    8.18   24.20    5.71    8.27    0.48    0.00  0.00  12.6    6.12  0.03    0.45  0.03    8.25  0.01    0.58  0.01
571   84.01832   -6.16034    0.22    8.56  103.53  152.52    8.45    1.14    8.51  187.96   40.40    8.54    0.82    8.51   17.89    4.61    8.33    0.50    8.42  0.03  17.8    8.59  0.01    0.77  0.01    8.35  0.02    0.67  0.02
572   83.72882   -5.72719    1.79    7.81  111.32  167.86    8.16    1.25    7.85  231.09   67.41    8.20    0.93    7.85   43.61   14.16    8.25    0.76    8.60  0.01  15.4    9.22  0.01    0.46  0.01    9.01  0.01    0.37  0.01
584   83.85491   -5.98366    0.31    8.06   81.37  160.93    7.97    1.59    7.63  137.37   42.68    7.57    1.06    7.19   24.36    5.86    7.44    0.58    7.15  0.01  15.5    7.35  0.22    1.38  0.21    7.33  0.02    0.67  0.02
586   83.67780   -5.47204    0.58    8.31   95.22  167.22    8.82    1.46    8.18  173.77   44.09    8.50    1.04    7.96   21.49    5.00    8.21    0.44    7.93  0.02  17.0    8.18  0.02    0.49  0.03    8.11  0.03    0.48  0.04
588   83.92395   -5.08629    0.10   11.06  127.40  156.24   11.63    1.01   11.15  172.71   29.64   11.38    0.71   11.04   14.25    4.42   11.24    0.35    0.00  0.00  24.6   11.23  0.01    0.57  0.01   11.23  0.02    0.51  0.02
592   83.86800   -5.99738    0.55    7.81   75.86  167.96    7.95    1.62    7.19  132.45   42.09    7.26    1.17    7.08   15.25    4.43    7.12    0.78    7.02  0.01  14.0    6.70  0.05    0.60  0.08    6.93  0.03    0.62  0.03
594   83.70678   -5.74392    0.37    7.81   94.01  172.27    8.27    1.28    9.17  195.00   57.72    8.44    0.94    9.17   38.16    9.84    8.66    0.70    9.03  0.02  17.9    9.35  0.01    0.37  0.01    9.25  0.01    0.27  0.02
595   83.69590   -5.70022    0.39    9.06   86.04  171.26    8.39    1.55    7.85  152.53   51.62    8.26    1.04    7.74   28.16    7.26    7.94    0.65    7.91  0.04  16.6    7.61  0.02    0.69  0.01    7.65  0.01    0.41  0.02
601   83.64971   -5.68440    0.25    8.81   75.64  136.25    8.55    1.43    9.39  134.41   42.38    8.61    0.90    7.96   16.79    5.33    8.51    0.77    0.00  0.00  13.5    8.13  0.01    0.70  0.01    7.90  0.01    0.47  0.01
603   83.87687   -5.06588    0.49   10.81  122.34  168.46   11.02    1.04   10.93  250.20   44.24   10.94    0.67   10.93   30.71    5.95   10.97    0.45   10.88  0.02  16.9   10.92  0.00    0.59  0.00   10.93  0.01    0.48  0.01
610   84.12174   -6.25239    0.81    8.31   88.65  143.45    8.14    1.29    8.40  163.49   37.98    8.10    0.90    8.07   33.05    6.41    8.22    0.41    8.19  0.01  13.9    8.31  0.00    0.68  0.00    8.17  0.01    0.46  0.01
611   83.82141   -5.99614    0.43   10.06   92.68  171.61    8.39    1.52    8.40  154.11   52.31    8.44    1.10    7.85   29.17    7.70    8.14    0.74    7.50  0.01  14.0    8.04  0.01    0.89  0.01    7.78  0.01    0.42  0.02
612   83.68629   -5.78575    1.56    8.81   89.13  158.28    8.41    1.38    9.06  180.67   50.65    8.66    0.94    8.95   29.68    8.06    8.94    0.57    9.00  0.03  15.9    8.80  0.01    0.96  0.01    8.97  0.01    0.66  0.01
616   83.87311   -5.05444    0.26   10.31  111.06  157.25   10.82    0.99   10.60  231.49   46.21   10.75    0.69   10.38   33.87    6.95   10.68    0.51   10.62  0.05  17.2   10.69  0.01    0.68  0.01   10.58  0.01    0.52  0.01
622   83.76991   -5.92961    0.40    9.56   84.82  180.17    8.68    1.61    8.62  168.26   42.24    8.46    0.91    8.29   37.26    5.77    8.30    0.41    8.33  0.01  13.5    8.45  0.01    0.81  0.01    8.29  0.01    0.45  0.01
623   83.71152   -5.71424    0.86    8.81   93.08  163.54    8.42    1.26    8.95  198.78   56.92    8.42    0.92    7.74   33.42   11.23    8.18    0.67    8.28  0.03  16.5    8.96  0.01    0.65  0.01    8.74  0.03    0.50  0.02
630   83.81553   -5.05844    0.13   11.06  119.11  242.09   10.90    1.39   10.49  286.36   69.15   10.70    0.85   10.38   27.56    7.91   10.72    0.64    0.00  0.00  23.0   10.66  0.01    0.85  0.01   10.63  0.02    0.76  0.02
632   83.93491   -6.13118    0.58    9.31   85.61  134.57    8.38    1.29    9.17  136.89   48.07    8.09    1.06    7.85   29.52    7.15    7.91    0.76    7.61  0.02  14.0    8.11  0.01    0.87  0.02    7.82  0.01    0.24  0.01
637   83.80293   -5.21256    0.12   10.31  150.53  302.42    9.73    1.43   10.27  207.71   67.62    9.72    1.14   10.49   16.99    6.37    9.85    0.98    0.00  0.00  24.9    8.46  0.01    0.60  0.01    8.55  0.02    0.46  0.03
648   83.80923   -5.17569    0.19   10.31  155.05  288.79   10.10    1.37   10.71  286.30   72.89   10.48    0.91   11.04   28.88    6.97   10.81    0.51   10.79  0.07  22.0   10.72  0.01    0.73  0.01   10.85  0.01    0.59  0.01
686   83.73658   -5.80658    0.22    8.81   97.80  186.73    8.16    1.51    8.62  173.46   56.99    7.88    1.08    7.19   31.75    9.13    7.64    0.71    7.54  0.07  16.3    7.38  0.00   -0.83  0.00    7.19  0.01    0.34  0.02
691   83.75529   -5.46870    0.26    9.31  116.57  298.64   10.27    1.79   12.14  120.20   43.82   10.63    1.64   12.14    5.24    2.92   12.09    0.05   11.50  0.16  15.7   12.16  0.01    0.50  0.01   12.25  0.05    0.59  0.05
699   83.75322   -4.89717    0.48   11.06  182.36  138.49   11.36    0.67   11.15  266.05   29.01   11.20    0.53   11.15   22.80    3.78   11.12    0.21    0.00  0.00  17.6   11.10  0.00    0.33  0.00   11.12  0.01   -0.26  0.01
701   83.75135   -5.89591    0.58    9.56   98.10  190.00    8.62    1.63    7.85  155.51   55.10    8.26    1.09    7.41   34.67    9.31    7.85    0.63    8.04  0.06  15.9    8.34  0.03    1.05  0.02    7.75  0.02    0.70  0.02
702   83.72680   -4.96436    0.21   11.81  131.25  231.55   11.04    1.28   11.15  169.96   38.28   11.07    0.89   11.15   19.57    4.34   11.04    0.34   11.11  0.07  17.2   11.08  0.01    0.81  0.01   11.10  0.02    0.45  0.02
707   83.75019   -5.81241    0.47    8.31  114.94  194.03    8.32    1.51    8.51  179.28   57.89    7.78    1.09    7.19   40.77    9.48    7.44    0.75    7.23  0.03  16.9    7.14   inf    0.73   inf    7.11  0.01    0.34  0.01
721   83.67246   -5.69374    0.32    9.31   89.69  181.55    8.09    1.70    7.96  134.93   43.79    8.36    1.11    7.96   17.67    4.41    8.27    0.71    8.00  0.05  13.3    8.38 55400.01    1.27 430.29    7.88  0.02    0.51  0.02
734   83.74316   -5.83421    0.55    8.56   94.86  172.08    8.10    1.42    7.19  162.45   55.27    7.89    1.06    7.08   31.51    9.14    7.50    0.73    7.40  0.06  17.1    6.96  0.02    0.55  0.01    7.01  0.01    0.41  0.01
750   83.82236   -5.58375    0.21    8.31  115.91  209.86    8.26    1.52    8.40  174.40   48.28    8.19    1.07    8.40   22.65    5.57    8.32    0.49    0.00  0.00  23.0    7.50  0.12    0.70  0.07    6.94  0.03   -0.26  0.04
755   83.73468   -5.90930    0.37    8.31   86.37  157.10    8.53    1.41    8.40  172.90   47.93    8.40    0.90    8.40   31.32    8.93    8.40    0.58    8.26  0.07  16.1    8.43  0.01    0.94  0.01    8.46  0.01    0.69  0.01
768   83.78508   -6.00744    0.56    9.06   82.49  145.07    8.88    1.46    8.62  153.01   42.01    8.68    0.84    8.07   33.02    5.81    8.36    0.48    8.17  0.02  14.2    8.66  0.01    0.89  0.01    8.23  0.01    0.46  0.01
784   84.01330   -6.23102    0.13    8.81  101.24  145.22    8.58    1.19    8.73  199.29   47.22    8.61    0.84    8.73   24.77    6.21    8.72    0.45    8.72  0.04  17.4    8.70  0.01    0.80  0.01    8.70  0.01    0.57  0.01
790   83.80356   -4.93682    0.43   11.56  191.36  233.12   11.97    0.89   11.70  358.50   68.55   11.78    0.70   11.81   20.00    5.53   11.61    1.12   11.87  0.03  27.4   11.78  0.00    0.64  0.00   11.79  0.02    0.62  0.02
816   83.73568   -5.36760    0.10    9.56  160.14  288.36    9.61    1.42    9.39  219.00   61.40    9.50    1.09    9.39   17.03    5.28    9.15    0.54    9.52  0.08  22.0    9.42  0.01    0.97  0.01    9.19  0.02    0.71  0.02
835   83.65690   -5.69668    0.45    9.06   83.86  164.46    8.37    1.64    9.39  137.70   44.99    8.56    0.99    8.18   19.54    4.24    8.65    0.76    8.90  0.11  13.2    9.56  0.01    0.40  0.01    9.45  0.02    0.32  0.02
869   83.80022   -5.78781    0.16    6.56   41.53   92.06    8.56    1.63    6.53   71.06   14.43    8.22    1.59    6.53    6.83    1.50    6.52    0.09    9.01  0.45  26.4    8.03  0.03    1.23  0.03    6.56  0.04    0.29  0.04
871   83.72573   -5.80079    0.40    8.81  100.70  182.92    8.00    1.48    8.73  203.13   60.10    7.94    1.02    7.30   23.35    8.30    7.98    0.78    7.73  0.06  16.6    7.30  0.02    0.74  0.02    7.35  0.02    0.48  0.02
873   83.86276   -4.95504    0.67   12.06  169.94  201.08   11.92    0.81   11.59  328.93   67.95   11.72    0.66   11.48   32.47    7.33   11.61    0.48   11.65  0.07  27.5   11.70  0.01    0.69  0.01   11.53  0.01    0.53  0.01
879   83.80411   -6.02245    0.42    9.31   83.41  143.13    8.32    1.62    9.39  180.56   48.88    8.54    0.98    9.50   30.47    8.05    8.65    0.77    7.91  0.03  15.8    8.23  0.01    0.91  0.01    8.03  0.01    0.48  0.01
907   83.84457   -6.05341    0.95   10.06   83.98  153.21    8.41    1.62    8.95  149.86   50.29    8.34    1.14    8.18   37.24    8.85    8.25    0.61    8.57  0.06  15.2    8.61  0.76    2.02  1.35    8.25  0.01    0.64  0.01
