  5   83.84726   -5.02459    8.28   11.06   49.99  203.10   11.11    1.11   11.04   32.95   69.08   11.22    0.60   11.04   14.58   11.31   11.20    0.33   11.12
  9   83.86135   -5.16620   11.10   10.31   78.31  442.97   10.09    2.24   10.93   33.29   75.28   10.96    0.67   11.04    8.03   10.93   10.89    0.30   11.35
 10   83.82113   -5.32181    4.92    8.56  110.80  497.72    8.93    1.41    8.73   48.86  141.48    9.23    1.00    9.06   13.02   17.38    9.27    0.55    9.86
 12   83.81898   -5.32483    3.84    9.31  115.11  456.43    8.96    1.38    9.28   51.25  118.28    9.26    0.84    9.39   14.45   15.61    9.39    0.47    9.84
 16   83.81604   -5.33532    2.06    9.81  113.95  513.10    9.14    1.55    9.50   42.33  118.64    9.24    0.97    9.61    8.72   12.70    9.35    0.43    9.69
 17   83.82469   -5.31807    2.93    8.81   97.11  472.21    8.99    1.45    9.39   40.68  119.22    9.51    0.92    9.39   10.91   14.49    9.68    0.50    9.78
 18   83.81026   -5.31189    3.64   10.06   75.88  320.05    9.15    1.36    9.39   30.66   76.08    9.33    0.81    9.28    7.26    9.17    9.46    0.25    9.77
 19   83.86445   -5.15861    3.11   10.31   75.13  413.53   11.40    1.86   10.93   27.83   68.09   11.14    0.69   11.37    5.50    7.35   11.37    0.00   11.47
 21   83.84284   -5.01978    3.61   11.06   52.76  258.92   10.63    1.38   11.04   32.21   70.63   11.13    0.69   11.26   12.89   10.71   11.24    0.26   11.12
 23   83.82478   -5.00483    2.49   11.06   56.63  251.79   10.70    1.23   10.05   35.53  100.46   10.75    0.81   11.15   14.69   20.46   10.85    0.48   11.08
 30   83.83122   -5.25931    1.82   10.06   77.68  354.52   10.27    1.41   10.38   31.13   80.12   10.43    0.80   10.60    7.04    9.56   10.78    0.34   10.59
 32   83.82470   -5.31361    2.94   10.06   92.47  508.30    8.63    1.81   10.27   41.10  130.30    9.39    1.19   10.16    9.54   16.93    9.80    0.57    9.79
 33   83.85801   -5.09514    2.92   10.31   57.14  311.42   10.47    1.80   11.48   31.79   66.85   11.31    0.65   11.26    8.49    8.58   11.36    0.15   11.45
 34   83.83522   -5.01365    4.37   11.06   56.84  262.70   10.73    1.27   11.48   34.23   80.14   10.90    0.66   11.15   17.19   15.27   11.09    0.27   11.16
 35   83.85934   -5.06551    2.03   11.06   49.84  197.63   11.12    1.06   10.38   26.08   60.22   10.74    0.71   10.38    9.96    9.68   10.42    0.35   10.67
 36   83.87365   -4.97983    1.84   12.06   53.04  181.43   11.86    0.89   11.48   33.32   75.62   12.00    0.70   12.14   11.67   12.99   12.18    0.53   12.10
 39   83.85962   -5.17263    2.08   10.31   83.55  323.98   10.53    1.26   10.82   31.95   61.92   10.76    0.60   10.93    8.10    7.43   10.73    0.28   11.21
 40   83.86029   -5.08760    3.89   10.31   54.07  233.90   10.88    1.30   11.48   29.54   47.97   11.26    0.61   11.37   10.82    8.02   11.43    0.17   11.50
 41   83.78702   -5.93102    3.25    9.81   42.96  226.29    8.48    1.68    7.96   18.65   66.90    8.42    1.13    8.18    5.22    8.90    8.18    0.00    7.25
 42   83.84709   -5.20066    1.48   10.31   90.49  297.54   10.88    1.09   10.93   34.86   61.04   10.91    0.55   11.26    6.18    8.63   11.05    0.16   11.19
 43   83.78889   -5.33678    2.93    9.31   78.63  349.20    9.02    1.38    8.07   23.78   61.44    8.59    1.00    7.85    5.87    8.24    7.96    0.11    8.08
 44   83.82886   -5.01357    1.41   10.81   55.61  251.55   10.60    1.26   11.26   34.99   89.38   10.84    0.74   11.04   16.79   17.86   10.95    0.44   11.08
 47   83.85118   -5.14224    1.40   10.31   77.16  348.35   10.85    1.49   11.15   33.88   76.25   11.14    0.70   11.15    7.99    8.06   11.14    0.24   11.66
 49   83.83959   -5.21998    2.99   10.31   86.03  367.39   10.77    1.43   10.49   30.54   66.25   10.79    0.76   10.60    5.09    7.05   10.60    0.00   10.93
 50   83.85229   -5.13106    2.22   10.31   73.14  304.92   11.11    1.34   11.15   28.92   69.57   11.18    0.75   10.93    6.06    7.94   11.34    0.37   11.74
 54   83.80960   -5.30330    1.91   10.06   72.39  296.53    9.43    1.26   10.27   27.36   78.53    9.59    0.91   10.27    6.70   10.53   10.45    0.16   10.30
 55   83.83234   -5.21963    1.10   10.06   78.21  350.07   10.32    1.42   10.16   23.49   57.96   10.37    0.80   10.49    4.41    6.33 -100.00 -100.00   10.70
 56   83.82595   -5.00943    1.44   11.31   57.60  282.78   10.56    1.42   10.93   36.74   96.64   10.73    0.75   10.60   13.44   17.32   10.86    0.46   11.07
 57   83.87378   -4.99644    0.69   11.56   55.48  175.00   11.72    0.95   11.59   31.49   61.69   11.72    0.62   11.37    7.55    8.78   11.65    0.31   12.05
 58   83.84570   -5.21045    6.84   10.56   81.60  324.53   10.88    1.29   10.71   39.54   67.24   10.93    0.62   10.82    6.58    7.28   10.81    0.23   10.96
 59   83.80631   -5.96555    1.74    9.81   45.27  229.95    8.69    1.73    7.63   18.54   60.61    8.47    1.02    7.74    7.30    7.56    7.80    0.12    7.50
 63   83.74833   -5.35940    2.05    9.81   66.67  310.50    9.14    1.34    8.51   28.40   71.82    8.81    0.77    8.62   11.63   12.19    8.57    0.37    8.62
 65   83.80722   -5.44595    7.74    8.81  127.94  685.79    9.46    1.66    8.62   60.16  194.30    9.42    1.31    8.29   13.92   20.71    8.75    0.66    8.65
 68   83.86681   -5.17436    1.04   11.06   82.11  266.87   10.82    0.95   11.04   33.49   61.09   11.01    0.56   10.93    7.99    6.25   11.13    0.24   11.19
 69   83.85507   -5.04317    1.04   11.06   49.21  168.93   11.03    0.88   11.37   30.95   47.48   11.14    0.48   11.04    9.14    5.07   11.11    0.23   11.04
 70   83.73424   -5.76767    2.92    8.56   45.11  185.49    8.37    1.52    8.40   26.91   64.82    7.71    0.89    7.63    7.84    9.94    7.82    0.52    7.46
 72   83.81564   -4.99858    1.11    9.81   55.68  254.54   10.57    1.30   10.16   33.83  107.04   10.66    0.94   11.15   14.94   16.72   11.10    0.44   11.13
 73   83.78455   -5.59903    1.90    7.06   60.29  266.63    7.89    1.49    8.18   32.58   85.75    7.59    0.80    8.07   11.42   12.62    8.00    0.33    7.85
 77   83.77707   -4.91264    0.68   11.31   91.85  233.63   11.90    0.89   11.26   37.74   63.42   11.90    0.76   11.37    7.18    6.11   11.21    0.13   11.09
 81   83.67071   -5.52846    1.42   10.81   36.44  191.13    8.78    1.66    6.75   20.05   41.21    7.06    0.75    6.86    7.27    6.85    7.02    0.20    6.86
 82   83.84701   -5.12541    2.39   10.31   70.16  282.36   10.98    1.27   11.59   31.05   71.66   11.22    0.69   11.48    9.22    9.02   11.53    0.24   11.72
 83   83.77700   -4.94065    1.83   11.06   65.92  270.86   11.75    1.22   11.04   41.05   73.98   11.48    1.03   10.93    7.80    8.71   10.99    0.18   11.12
 84   83.83829   -5.24769    1.59   10.31   76.91  330.76   10.60    1.36   10.71   31.14   67.83   10.53    0.78   10.49    7.15    4.87   10.62    0.14   10.73
 91   83.77017   -5.40508    1.25    8.56   78.76  327.75    8.64    1.33    8.40   30.19   68.42    8.77    1.01    8.62    5.47    7.03    8.62    0.00    8.47
 93   83.78789   -5.97440    1.34    9.06   34.63  183.68    9.01    1.65    8.29   19.57   42.80    8.52    0.62    7.96   11.66    9.45    8.09    0.20    8.14
 95   83.80558   -4.99034    0.49    9.06   59.14  281.49   10.43    1.33   10.93   35.91  103.88   10.77    0.98   11.15   18.74   11.83   11.12    0.37   11.21
 97   83.77125   -5.62290    1.08    7.31   55.63  256.20    8.03    1.48    8.51   30.41   73.13    7.98    0.81    8.51   11.41   10.34    8.57    0.23    8.49
 99   84.04762   -6.17912    1.92    9.06   44.71  151.00    8.53    1.16    8.51   20.15   40.23    8.49    0.54    8.18    7.64    4.79    8.29    0.15    8.05
100   83.85114   -5.20867    1.68   10.31   97.43  345.05   10.98    1.21   10.38   30.92   63.53   10.73    0.62   10.49    5.20    5.33   10.49    0.00   10.89
101   83.86029   -5.10059    2.45   10.81   58.87  255.96   10.91    1.37   11.26   34.95   68.20   11.23    0.60   11.37   12.60   10.55   11.38    0.25   11.44
105   83.84746   -5.11968    2.03   10.56   66.58  309.27   10.41    1.46   11.26   29.57   64.11   11.13    0.66   11.59    6.62    6.07   11.55    0.20   11.45
107   83.76559   -5.30012    0.73   10.31   46.88  292.41   10.04    1.85    7.85   16.28   45.01    8.72    0.92    7.74    6.38    6.07    7.74    0.09    7.91
108   83.84002   -5.24101    2.25   10.56   82.42  313.50   10.64    1.29   10.82   31.45   69.98   10.77    0.78   10.82    7.73    6.88   10.73    0.11   10.67
109   83.84306   -5.17037    0.66   10.06   67.91  313.15   10.19    1.36   11.15   28.24   52.64   11.00    0.70   11.26    9.82    7.92   11.25    0.14   11.52
110   83.88081   -5.01031    0.52   11.31   53.00  177.44   11.52    0.97   11.37   26.98   60.08   11.60    0.89   11.15    5.65    6.19   11.15    0.00   13.10
114   83.80598   -5.45109    1.91    8.56  108.28  626.62    9.07    1.72    8.51   45.42  176.71    9.26    1.35    8.51    9.00   19.77    8.56    0.72    8.71
116   83.85353   -5.13791    1.03   10.31   80.83  307.93   11.14    1.40   10.93   34.84   69.64   11.11    0.65   10.93    8.47    7.38   11.13    0.31   11.68
117   83.70287   -4.92851    0.60   10.56   53.82  212.96   10.94    1.44   10.49   25.74   48.97   10.27    0.80   10.38    9.22    8.28   10.56    0.27     nan
121   83.96774   -6.16719    0.87    8.81   40.97  161.42    8.25    1.25    8.29   19.83   46.44    8.35    0.75    8.07    8.23    9.31    8.43    0.33    8.38
122   83.77141   -5.57990    1.13    7.56   64.50  322.55    7.74    1.69    7.30   35.55  105.48    7.35    1.33    7.19    8.17    8.51    7.08    0.32    7.12
125   83.86634   -5.11958    0.65   10.31   65.16  325.76   10.70    1.45   11.59   31.97   68.78   11.04    0.92   11.48    9.30    8.28   11.55    0.23   11.72
127   83.78911   -5.31285    1.11    9.56   67.31  325.56    9.34    1.36    8.95   20.94   57.23    9.26    0.96    9.06    4.77    4.81 -100.00 -100.00    8.89
128   83.75322   -5.27003    0.52    9.81   43.63  237.08    9.26    1.45    9.61   25.35   54.06    9.42    0.69    9.50    8.68    8.40    9.46    0.18    9.54
129   83.88409   -5.09695    3.30   11.06   64.53  325.29   11.55    1.64   11.81   34.62   81.50   11.83    0.92   12.36   13.18   13.01   12.22    0.33   12.08
130   83.87380   -4.97238    1.74   12.31   61.64  181.68   11.80    0.87   11.81   36.54   69.60   11.90    0.54   11.70   14.73   10.62   11.81    0.33   11.62
133   84.15429   -6.25039    0.83    7.31   32.30  140.84    7.66    1.25    7.74   17.88   41.27    7.62    0.69    7.63    7.83   10.38    7.68    0.18    7.35
134   83.80037   -5.57433    0.90    8.06   69.28  301.93    7.69    1.67    7.85   33.80   81.93    7.46    0.92    8.07   13.18   12.90    7.91    0.24    8.13
137   83.86283   -5.19270    0.74   10.81   83.51  281.81   11.10    1.20   10.82   35.33   57.19   10.78    0.47   11.04    7.66    4.94   10.99    0.12   11.02
139   83.84413   -5.11082    0.61   10.56   58.56  241.28   10.49    1.53   10.93   36.13   61.01   11.14    0.52   10.82   10.57    9.95   11.12    0.33   11.05
142   83.88501   -5.10955    0.45   11.06   59.27  278.83   10.80    1.47   11.59   28.49   56.08   11.54    0.71   11.48    7.84    6.43   11.63    0.18   11.75
144   83.83382   -5.08503    1.75   10.81   49.02  301.80    9.75    1.86   11.15   32.89  106.43   10.50    1.01   10.38    9.39   16.96   10.51    0.76   10.91
147   83.82629   -5.20081    0.31    9.81   61.75  278.05   10.21    1.31   10.71   27.94   56.00   10.43    0.73   10.71    6.12    6.02   10.71    0.09   10.69
153   83.78853   -5.86895    1.75    8.56   42.80  179.57    7.99    1.40    7.19   17.63   40.25    7.46    0.68    7.08    5.53    6.88    7.03    0.05    6.94
154   83.73949   -5.76451    1.02    8.31   42.69  193.61    8.34    1.56    8.51   24.36   68.92    7.66    0.95    8.51    6.00    9.67    7.32    0.80    7.34
161   83.87602   -5.10059    0.72   11.06   61.15  334.19   10.64    1.64   11.81   34.60   67.57   11.47    0.98   11.81   12.75   12.66   11.82    0.31   11.95
164   83.75679   -5.25595    1.10    9.81   46.92  215.54    9.03    1.46    9.39   27.22   64.74    9.18    0.71    9.06   11.82   12.26    8.94    0.41    9.14
165   83.68338   -5.69030    1.20    9.31   31.53  188.87    8.01    1.69    7.85   16.08   52.75    8.42    1.03    7.63    7.83    7.60    7.63    0.21    7.67
166   83.86629   -5.06040    0.61   10.31   49.38  187.22   10.87    1.04   10.93   32.05   59.86   10.87    0.58   10.82   13.14   10.40   10.84    0.30   10.93
167   83.86085   -5.06032    1.95   10.81   49.16  164.40   11.02    0.88   11.04   27.78   54.24   10.91    0.55   10.82   10.43    9.50   10.81    0.30   10.95
169   83.76035   -5.41373    0.66    9.06   64.39  333.37    9.45    1.55    9.06   26.00   93.65    9.39    1.29    8.18    5.95   10.90    8.51    0.33    9.03
170   83.82585   -5.22697    0.31   10.06   72.55  323.58   10.23    1.43   10.71   26.75   50.83   10.37    0.58   10.60    6.08    4.57   10.44    0.16   10.75
172   83.78475   -5.85627    1.78    8.56   49.00  186.15    7.99    1.49    6.86   19.65   37.56    7.06    1.02    6.75    8.66    4.00    6.79    0.12    6.67
174   83.76215   -5.60311    1.68    7.81   60.79  256.73    7.91    1.51    7.52   34.51   94.13    7.49    0.88    7.08   16.59   15.20    7.16    0.48    7.11
177   83.85584   -5.09951    0.67   10.81   55.75  265.78   10.73    1.37   11.26   33.10   64.18   11.14    0.68   11.26    7.94    8.46   11.35    0.24   11.42
179   83.85463   -5.25948    0.27   10.06   87.61  325.22   10.28    1.11   10.16   30.12   61.28   10.30    0.61   10.82    4.77    3.79 -100.00 -100.00   10.37
180   83.82183   -5.07955    0.54   11.31   52.07  251.88   10.20    1.36   10.27   37.54  111.41   10.19    1.04    9.61    9.12   15.08   10.35    0.54   10.08
181   83.89253   -4.99704    0.61   11.56   51.83  139.18   11.42    0.75   11.59   29.81   43.38   11.48    0.43   11.70    7.36    5.11   11.75    0.12   11.67
182   83.77374   -4.90811    2.41   11.31   80.46  234.41   11.84    0.93   11.15   36.24   61.16   11.71    0.82   11.26    5.76    1.29   11.26    0.00   10.94
189   83.72439   -5.77180    2.04    8.31   47.35  180.57    8.24    1.48    8.40   24.34   57.17    8.05    0.78    8.29    9.40   10.05    8.22    0.23    8.17
191   83.75644   -5.30353    0.31    9.81   53.02  275.20    9.50    1.49    8.73   20.40   48.76    9.01    0.78    8.73    6.41    6.54    8.62    0.11    8.52
192   83.86733   -5.08365    0.55   11.56   54.75  211.41   11.49    1.18   11.37   30.69   55.86   11.43    0.64   11.37    8.58    5.36   11.38    0.15   11.43
193   83.82760   -5.23540    0.63   10.56   76.88  341.20   10.24    1.32   10.71   28.50   59.12   10.44    0.65   10.71    7.63    8.35   10.76    0.12   10.71
194   83.79358   -5.92738    1.51    8.31   42.68  212.16    8.67    1.49    7.96   17.04   50.87    8.38    1.02    7.85    4.34    5.44 -100.00 -100.00    7.42
197   83.87226   -5.20200    1.25   11.06   79.80  237.72   10.91    0.90   10.49   29.21   46.66   10.66    0.50   10.60    6.37    7.42   10.44    0.12   10.52
198   83.77046   -4.95716    1.52   10.06   62.75  270.78   11.35    1.30   11.48   34.51   89.22   11.04    0.96   11.48   11.40   11.65   11.29    0.26   11.46
199   83.80018   -5.95131    1.49    9.81   44.46  227.88    8.68    1.68    7.96   18.53   57.47    8.60    0.99    7.96    5.10    7.25    7.96    0.00    7.75
203   83.82688   -5.08047    0.58   11.31   50.76  248.64   10.34    1.30    9.72   35.02  112.22   10.25    1.03    9.06    7.71   17.46   10.18    0.99    9.74
207   83.76871   -4.92399    0.42   11.81   92.07  280.87   12.02    0.97   11.15   39.29   63.63   11.79    0.85   11.26    7.88    5.84   11.06    0.16   11.12
208   83.78403   -4.93252    0.32   11.56   88.94  295.68   11.81    0.99   11.04   58.00  100.00   11.52    0.73   11.15    6.95    7.49   11.12    0.13   11.16
211   83.72458   -4.95249    0.98   11.06   54.87  210.57   10.95    1.21   10.82   28.93   44.27   10.87    0.47   10.71   12.93    5.64   10.87    0.20   10.91
213   83.92177   -5.04128    0.94   11.31   44.64  118.12   11.26    0.94   11.70   19.64   27.06   11.61    0.37   11.92    4.94    4.09 -100.00 -100.00   11.98
220   83.75208   -5.66773    0.73    7.56   48.30  222.00    8.22    1.39    7.96   25.59   74.79    8.09    0.95    8.18    6.16   10.13    7.75    0.58    8.47
221   83.73876   -5.34577    0.72    9.31   63.87  324.33    9.28    1.50    8.29   27.80   81.15    8.76    0.93    8.51   10.50   12.20    8.63    0.46    8.55
223   83.75273   -4.97396    0.28   12.82   66.95  268.93   11.44    1.51   10.82   21.88   51.08   11.45    0.98   10.60    6.37    6.84   10.66    0.12   10.84
225   83.78123   -5.94482    0.88    9.56   38.86  184.23    8.59    1.53    8.51   20.87   41.10    8.58    0.54    8.18    8.56    7.67    8.43    0.30    8.22
226   83.76019   -5.63125    0.69    7.81   58.91  241.07    8.13    1.34    8.73   26.13   69.60    7.89    0.79    7.08    8.76    8.47    7.82    0.81    8.70
228   83.75243   -5.36597    0.56    9.56   74.17  320.97    9.08    1.32    8.51   27.28   84.69    8.62    0.95    8.29    7.29   10.75    8.40    0.43    8.68
231   83.79408   -4.99982    1.21   11.56   54.70  269.99   10.34    1.51   11.48   34.58   96.40   10.54    1.11   11.37    9.27   14.73   11.05    0.41   10.59
232   83.82275   -4.94168    0.32   12.57   65.49  181.69   12.17    0.77   12.36   37.48   64.23   12.29    0.50   12.69   10.00    6.57   12.61    0.21   12.65
234   83.78691   -5.88847    0.81    8.56   40.21  202.79    7.67    2.09    8.29   13.71   34.33    7.74    0.67    7.74    4.33    3.76 -100.00 -100.00    7.79
235   83.74957   -5.33127    0.29   10.06   52.90  293.09    9.08    1.72    7.19   17.61   43.91    8.39    1.24    7.19    4.43    5.42 -100.00 -100.00    7.66
239   83.75886   -5.29740    0.34    9.81   52.15  292.63    9.75    1.67    8.51   18.26   46.14    9.04    0.89    8.51    6.24    5.33    8.46    0.05    8.59
240   83.71620   -4.93830    0.26   11.06   56.24  196.71   11.36    1.23   10.93   27.15   42.24   10.77    0.46   10.71    7.84    5.04   10.88    0.18   11.04
241   83.77792   -4.93596    0.46   11.31   71.64  278.47   11.79    1.10   10.82   46.50   78.39   11.38    0.96   11.04    8.10   10.05   10.87    0.20   11.09
245   83.82808   -5.06771    0.22   11.06   49.15  247.19   11.07    1.31    9.72   26.50   77.21   10.68    0.79    9.72    7.44    7.40   10.33    0.64   10.12
246   83.87723   -5.87634    1.10    7.31   27.72  118.62    8.13    1.07    7.63   19.27   43.69    7.89    0.64    7.85    7.17    5.80    7.72    0.28    7.30
247   83.81210   -5.27932    0.49   10.06   74.69  294.21    9.80    1.20    9.83   29.28   73.90    9.84    0.76   10.49    6.60    6.80    9.93    0.32   10.42
249   83.84900   -5.09092    0.30   10.81   51.30  265.33   10.38    1.55   10.82   30.75   58.56   10.96    0.61   10.71    8.39    6.66   10.81    0.27   11.32
250   83.87190   -4.99081    1.65   11.81   52.56  165.07   11.93    0.85   11.70   33.15   61.76   11.91    0.50   12.03   11.96   10.97   11.95    0.32   11.79
254   83.90602   -6.16198    0.45    9.31   31.98  136.93    8.65    1.32    9.39   15.26   39.99    8.46    0.98    9.39    4.35    4.36 -100.00 -100.00    7.18
256   83.79314   -5.27891    0.46   10.56   67.21  299.63    9.78    1.30    9.50   30.13   87.87    9.63    0.89    9.28    8.14   12.74    9.20    0.28    9.35
257   83.75793   -5.23305    0.44   10.81   51.49  239.34    9.77    1.36    9.94   27.42   66.29    9.81    0.73    9.61   10.00    9.61    9.79    0.32    9.86
259   83.74219   -5.33073    0.29   10.56   44.37  268.14    8.96    1.65    7.74   18.00   43.47    8.50    0.92    7.74    4.90    4.00 -100.00 -100.00    8.20
260   83.81226   -5.26960    0.67   10.06   74.37  300.87    9.75    1.25   10.38   31.65   77.04   10.06    0.79   10.49    7.38    8.68   10.42    0.19   10.39
264   83.75742   -5.92680    4.16    8.81   38.77  177.27    8.66    1.47    8.07   17.91   41.79    8.23    0.61    8.07    9.27    6.60    8.08    0.15    8.04
265   84.10731   -6.23729    0.94    8.81   38.29  140.29    8.03    1.24    8.40   19.02   43.25    8.24    0.58    8.07    7.85    7.78    8.28    0.22    7.99
266   83.91805   -5.11422    0.32   11.06   49.56  206.23   11.65    1.17   12.58   21.50   48.76   12.14    0.71   12.47    6.90    8.02   12.47    0.15   12.36
269   83.83881   -5.17787    0.71   10.81   62.54  346.45   10.44    1.76   11.37   30.72   59.45   11.34    0.73   11.15    7.81    6.59   11.31    0.12   11.51
274   83.70746   -5.77024    0.59    7.81   40.81  169.95    8.17    1.28    9.06   21.42   56.36    8.42    0.76    8.84    8.36    8.72    8.80    0.36    8.26
282   84.09522   -6.21789    0.39    9.31   45.40  148.16    8.35    1.35    8.73   18.55   46.51    8.69    0.63    8.95    6.73    7.29    8.39    0.41    8.05
283   83.85865   -5.87194    1.11    8.31   27.82  107.77    8.57    1.30    7.52   18.12   35.90    7.68    0.51    7.85   10.79    9.58    7.58    0.34    7.43
287   83.66783   -5.52075    0.89   10.06   37.53  197.79    8.57    1.56    7.08   17.89   41.84    7.84    1.32    6.64    6.17    4.07    6.80    0.13    6.94
291   83.77259   -5.30811    0.18   10.06   52.89  257.57    9.67    1.48    9.39   16.67   49.97    9.73    0.77    9.61    4.22    5.45 -100.00 -100.00    0.00
292   83.88603   -5.15899    0.27   11.06   76.68  228.39   11.15    0.94   11.26   39.60   56.45   11.15    0.48   11.04   10.75    8.32   11.10    0.18   11.06
293   83.90896   -5.01580    0.40   11.06   45.25  120.34   11.47    0.66   11.59   24.58   31.41   11.47    0.40   11.59    6.73    3.66   11.54    0.12   11.54
294   84.10313   -6.23431    3.60    9.06   39.31  148.46    8.18    1.29    8.51   19.41   43.73    8.38    0.57    8.51    9.15   10.59    8.29    0.34    7.96
300   83.88596   -5.16940    0.29   11.56   73.37  189.22   10.94    0.79   11.04   27.10   43.71   10.95    0.46   11.04    7.20    5.90   10.90    0.16   11.08
302   83.82228   -5.04308    0.56   11.81   46.67  226.26   10.96    1.25   11.15   34.94   74.86   10.92    0.66   10.71    9.23   10.68   10.72    0.37   10.78
306   83.77675   -5.28182    0.31   10.56   61.20  278.09    9.41    1.56    9.50   26.49   54.79    9.48    0.68    9.28    6.82    5.38    9.32    0.14    9.40
310   83.76282   -5.46122    0.17    9.81   65.53  362.48   10.32    1.62   10.60   18.43   64.03   10.70    1.05   11.15    2.83    5.29 -100.00 -100.00   11.06
312   83.71450   -5.64783    0.80    8.06   38.25  215.87    8.14    1.75    7.96   19.33   52.12    7.77    1.05    7.63   11.17    8.97    7.67    0.18    7.84
317   83.75261   -5.32364    0.59   10.06   65.37  326.27    9.20    1.58    8.07   20.30   59.74    8.64    1.13    8.18    6.31    6.36    8.13    0.12    0.00
319   83.70721   -4.91835    0.28   10.81   49.12  164.88   10.98    1.04   10.82   23.81   35.09   10.78    0.34   10.71    8.72    3.48   10.79    0.21     nan
323   83.81324   -5.28590    0.21   10.31   74.66  312.12    9.86    1.26   10.16   26.82   76.56    9.84    0.83    9.06    5.39    8.36    9.06    0.00   10.02
327   83.87514   -5.08087    0.41   11.06   53.37  159.92   11.28    0.94   11.26   32.09   44.46   11.27    0.47   11.37   11.11    7.05   11.26    0.20   11.33
330   83.81624   -5.25487    1.71   10.06   81.29  327.82    9.95    1.21   10.27   35.64   72.68   10.05    0.70   10.16    8.44    8.37   10.15    0.25   10.31
331   83.82015   -5.24576    0.25   10.06   79.27  355.88    9.87    1.30   10.16   32.30   71.82   10.16    0.75   10.16    8.05    9.89   10.27    0.37    9.95
342   83.79221   -5.63126    1.75    8.31   55.49  206.90    8.41    1.34    8.18   20.92   47.73    7.72    0.64    7.41   10.87   11.09    7.49    0.33    7.62
353   83.73182   -5.33475    0.10    9.81   54.11  296.31    9.30    1.57    9.06   23.23   53.12    9.23    0.79    8.95    5.41    5.80    9.21    0.19    0.00
355   83.91499   -5.10713    1.54   11.31   62.24  188.86   11.46    0.90   11.37   34.78   50.77   11.54    0.46   11.48   10.37    9.30   11.40    0.20   11.66
357   84.08591   -6.22051    0.32    9.31   45.46  152.40    8.41    1.30    9.06   19.84   45.81    8.65    0.61    8.51   10.19    9.58    8.39    0.28    8.46
361   83.68854   -5.73855    0.73    8.81   38.00  157.30    8.57    1.27    9.17   20.65   46.09    8.75    0.78    8.95   10.57    3.82    8.99    0.11    8.96
362   83.75024   -5.64903    0.72    7.06   52.76  236.04    8.31    1.49    7.08   24.24   69.53    8.05    0.92    8.95   11.69   12.83    8.33    0.93    8.96
363   83.72537   -5.62012    0.32    7.56   53.08  238.38    7.86    1.68    6.42   21.06   71.90    7.52    1.39    6.20    7.71    9.15    6.46    0.27    6.32
367   83.82254   -5.18514    0.14   10.31   66.65  308.08   10.34    1.33   11.04   29.04   57.52   10.64    0.81   11.04    8.73    7.80   11.15    0.15   11.22
371   83.73876   -5.69251    1.48    7.81   44.67  197.02    8.23    1.39    7.30   24.30   72.35    8.37    0.99    8.84    9.13   11.41    8.52    0.70    8.02
387   83.70517   -5.69387    0.19    8.81   39.31  201.66    8.28    1.50    8.95   17.86   56.78    8.22    1.01    7.19    8.00    7.56    7.19    0.09    7.67
390   83.89300   -5.08923    0.12   11.06   63.91  276.13   12.09    1.60   11.70   34.28   71.17   11.54    0.69   11.59    7.34    9.08   11.65    0.25   11.72
391   83.79428   -4.97123    0.11   11.06   56.08  223.34   11.10    1.06   11.26   39.03   89.87   11.02    0.67   10.93   16.86   15.09   10.95    0.30   11.15
401   83.76262   -4.98428    0.34   12.31   64.28  241.73   11.44    1.25   10.38   24.52   53.62   11.23    0.81   10.27    7.66    4.89   10.42    0.12   10.43
402   83.71703   -4.94449    0.47   11.06   57.40  172.46   10.97    1.08   10.93   28.70   37.73   10.77    0.46   10.93    9.67    5.83   10.97    0.17   11.00
405   83.74210   -5.70125    1.13    7.81   50.38  182.39    8.12    1.23    7.19   21.98   73.38    8.10    1.01    8.84   10.44   13.53    8.21    0.82    8.73
407   83.75100   -5.41395    0.85   10.06   55.14  304.01   10.16    1.58    9.28   20.76   78.88   10.10    1.07    9.50    4.60    7.38 -100.00 -100.00   10.65
413   83.73518   -5.56496    0.76    8.06   52.87  234.66    8.39    1.40    7.19   18.48   48.68    7.75    1.35    6.42    4.85    5.75 -100.00 -100.00    6.61
420   83.74128   -5.72616    0.17    7.81   46.26  156.81    8.16    1.23    8.07   25.27   65.85    7.96    0.88    7.30    6.53    9.97    8.06    0.81    7.05
422   83.89687   -5.17238    0.29   10.81   61.43  182.88   10.73    0.81   10.71   26.64   37.69   10.83    0.46   10.71    5.65    2.74   10.71    0.00   10.79
431   83.75942   -5.63871    0.49    7.56   63.29  240.50    8.32    1.43    7.30   25.84   75.68    7.94    0.86    8.84    7.82   11.67    7.87    0.92    8.72
432   83.79646   -5.62771    0.45    8.31   53.74  208.84    8.44    1.37    7.85   19.37   49.32    7.78    0.68    7.41    7.00    8.15    7.43    0.23    7.65
434   83.73855   -4.95586    0.18   12.06   54.34  229.88   11.42    1.19   11.26   25.30   46.84   11.16    0.65   10.71    6.58    5.37   10.94    0.19   10.90
440   83.78488   -5.96492    0.86    9.06   35.95  179.62    8.75    1.56    8.51   19.13   40.25    8.39    0.55    8.07   12.46    9.40    8.13    0.22    8.10
441   83.71771   -5.73641    0.81    7.81   48.28  164.39    8.18    1.16    7.85   25.48   68.18    8.22    0.86    9.06    8.06   14.83    8.21    0.78    8.04
461   83.80562   -5.16646    0.22   10.31   75.60  303.01   10.26    1.19   10.60   40.37   82.50   10.49    0.76   10.71   10.22    6.81   10.85    0.23   10.63
462   83.90534   -5.10844    0.44   11.56   62.32  187.39   11.48    0.93   11.59   36.62   57.21   11.59    0.47   11.48    9.89    6.81   11.63    0.23   11.61
463   83.87745   -5.04815    0.28   10.31   42.69  120.95   10.80    0.78   10.60   27.09   40.97   10.70    0.51   10.38   12.39    8.16   10.45    0.22   10.73
464   83.77074   -4.94613    0.40   10.81   60.54  314.33   11.14    1.45   10.93   37.03   80.61   10.99    1.17   10.82    9.04    7.67   10.84    0.21   11.06
469   83.80346   -5.92901    0.33    8.56   42.66  200.28    8.60    1.50    7.52   16.43   38.32    7.76    0.61    7.41    5.00    2.99 -100.00 -100.00    7.53
470   83.74294   -5.68198    0.68    7.06   39.37  195.40    8.21    1.37    8.62   21.15   68.31    8.35    0.94    8.73   11.22   12.36    8.54    0.60    7.88
471   83.81435   -5.55115    0.88    7.06   62.29  244.59    7.73    1.65    6.97   34.23   68.65    7.31    0.66    7.19    9.70    7.96    7.13    0.17    0.00
478   83.82794   -5.93413    0.60    8.06   44.89  167.54    8.52    1.37    6.75   13.56   29.67    7.51    0.68    6.53    3.40    5.47 -100.00 -100.00    6.78
486   83.92940   -5.09902    0.16   10.81   61.11  189.91   11.39    0.93   11.04   28.68   49.42   11.23    0.50   10.82    6.93    3.45   10.99    0.14    0.00
493   84.15930   -6.26998    0.14    8.56   33.50  132.71    8.05    1.30    8.51   20.32   36.03    8.34    0.59    8.51    6.84    5.05    8.46    0.12    0.00
498   83.77784   -5.26313    0.52   10.06   65.67  308.42    9.34    1.46    9.50   30.66   75.51    9.69    0.78    9.50    8.96   10.26    9.81    0.28    0.00
500   83.90644   -5.09942    0.36   11.06   63.53  214.00   11.35    0.98   11.37   32.95   61.37   11.45    0.54   11.15    8.78    7.97   11.29    0.31   11.37
508   83.88870   -6.10200    0.10    9.06   42.25  165.42    8.37    1.44    8.95   20.41   57.60    8.26    1.00    8.84    4.16    6.66 -100.00 -100.00    8.80
518   83.89446   -5.18567    0.09   10.31   72.89  183.91   10.57    0.72   10.38   35.65   44.80   10.57    0.41   10.60    6.85    3.73   10.49    0.15    0.00
524   83.75788   -5.88522    0.26    9.31   37.22  195.51    8.50    1.58    7.52   18.44   48.63    7.96    0.88    7.41    7.14    7.85    7.36    0.12    7.69
535   83.92459   -6.12882    0.56    9.31   39.12  143.37    8.36    1.29    9.28   18.23   54.49    8.13    1.08    7.52    4.68    9.15 -100.00 -100.00    8.23
537   83.78815   -5.91879    0.35    8.31   40.53  208.78    8.69    1.53    7.96   18.18   45.41    8.24    0.93    7.96    5.30    4.89    7.96    0.00    7.62
538   83.71536   -5.70617    0.29    7.56   39.85  176.49    8.36    1.19    9.17   20.83   57.74    8.33    0.87    7.74    8.17   10.30    8.07    0.63    8.37
539   83.95736   -5.51178    0.28    7.31   80.29  330.68    9.49    2.23    7.41   20.69   36.85    8.41    1.93    7.19    2.30    1.80 -100.00 -100.00    0.00
540   83.72819   -5.40841    0.17   11.31   49.05  279.19   11.05    1.85   11.81   24.29   74.76   11.89    0.94   11.59    4.76    9.60 -100.00 -100.00   11.75
543   83.87811   -5.12074    0.29   10.81   74.33  225.86   11.03    0.96   11.26   33.06   47.48   11.28    0.48   11.48    9.85    6.75   11.38    0.15   11.48
545   83.76186   -4.93142    0.18   10.81   62.11  231.75   11.65    1.05   11.04   34.34   50.33   11.37    0.74   11.15    5.61    4.54   11.01    0.14   10.92
546   83.73587   -4.90142    0.10   11.06   56.64   88.31   11.17    0.52   11.15   29.67   24.90   11.11    0.25   11.15    6.39    5.10   11.18    0.13   11.19
551   83.88134   -5.89270    1.13    7.06   31.62  135.47    8.13    1.29    7.30   17.82   35.78    7.34    0.51    7.30    7.38    3.95    7.41    0.28    7.64
554   83.75212   -5.30263    0.68    9.31   52.50  276.59    9.49    1.47    8.95   21.95   51.93    9.10    0.77    8.62    7.30    6.35    8.57    0.12    0.00
570   84.16045   -6.26304    0.45    8.56   33.26  139.36    7.97    1.35    8.40   17.55   40.23    8.16    0.74    8.18    6.73    5.18    8.12    0.12    0.00
571   84.01832   -6.16034    0.22    8.56   43.60  152.03    8.45    1.10    8.62   22.50   43.58    8.46    0.61    8.40    6.44    6.50    8.18    0.42    8.42
572   83.72882   -5.72719    1.79    7.81   46.26  164.42    8.17    1.17    7.74   26.97   67.88    8.21    0.79    7.74   13.02   17.33    8.34    0.62    8.60
584   83.85491   -5.98366    0.31    8.31   32.83  161.96    7.82    1.50    7.30   14.84   43.81    7.49    0.94    7.19    7.02    6.51    7.09    0.09    7.15
586   83.67780   -5.47204    0.58    8.56   40.25  166.92    8.63    1.27    8.51   19.76   46.74    8.34    0.87    7.96    6.63    5.25    7.96    0.09    7.93
588   83.92395   -5.08629    0.10   11.06   55.39  177.81   11.78    1.06   10.93   26.30   37.04   11.29    0.53   11.04    5.93    5.32   10.99    0.06    0.00
592   83.86800   -5.99738    0.55    8.06   33.03  174.78    7.99    1.59    7.08   13.45   44.06    7.00    0.92    6.53    4.06    4.89 -100.00 -100.00    7.02
594   83.70678   -5.74392    0.37    7.56   39.32  171.46    8.27    1.21    8.84   22.62   58.82    8.47    0.79    8.51    9.35   11.73    8.82    0.41    9.03
595   83.69590   -5.70022    0.39    9.06   38.64  164.07    8.40    1.41    7.85   18.38   51.07    8.18    0.84    7.74    8.59    7.57    7.74    0.20    7.91
601   83.64971   -5.68440    0.25    8.81   30.48  129.41    8.44    1.26    9.50   17.10   43.20    8.60    0.75    7.85    5.27    6.09    7.85    0.00    0.00
603   83.87687   -5.06588    0.49   11.06   51.10  162.05   11.04    0.97   10.82   30.86   45.42   10.87    0.46   10.93    8.24    7.56   10.82    0.21   10.88
610   84.12174   -6.25239    0.81    8.31   37.44  143.76    8.15    1.25    8.18   18.02   35.50    8.17    0.60    7.96    9.55    5.68    8.06    0.20    8.19
611   83.82141   -5.99614    0.43   10.06   39.57  173.46    8.40    1.50    8.40   18.32   50.73    8.59    1.00    7.63    7.19    7.05    7.84    0.15    7.50
612   83.68629   -5.78575    1.56    8.81   37.39  156.57    8.37    1.30    9.17   21.39   50.96    8.76    0.77    8.84    7.23    8.34    9.12    0.29    9.00
616   83.87311   -5.05444    0.26   10.31   47.75  154.91   10.75    0.92   10.38   27.00   45.99   10.60    0.55   10.38   10.92    9.84   10.36    0.20   10.62
622   83.76991   -5.92961    0.40    9.56   35.86  176.62    8.73    1.54    8.73   18.19   40.93    8.48    0.60    8.29   10.74    4.77    8.24    0.17    8.33
623   83.71152   -5.71424    0.86    9.06   39.89  164.76    8.51    1.20    8.84   21.76   57.91    8.50    0.81    8.73   10.27   12.43    8.22    0.53    8.28
630   83.81553   -5.05844    0.13   11.06   49.28  242.29   10.85    1.32   10.38   33.97   68.91   10.60    0.67   10.27    9.96    9.56   10.36    0.21    0.00
632   83.93491   -6.13118    0.58    9.31   35.11  131.20    8.39    1.25    9.28   15.89   48.55    8.09    1.00    7.74    8.80    8.03    7.80    0.11    7.61
637   83.80293   -5.21256    0.12   10.56   61.95  306.07    9.85    1.51   10.27   25.24   76.33    9.51    1.03   10.38    5.59    8.63    9.98    0.84    0.00
648   83.80923   -5.17569    0.19   10.31   61.88  290.71   10.02    1.37   10.49   34.67   77.52   10.49    0.75   10.93    9.07    7.90   10.87    0.24   10.79
686   83.73658   -5.80658    0.22    9.06   39.33  187.89    8.18    1.49    7.08   19.47   54.46    7.79    0.85    7.08    8.68   10.26    7.45    0.43    7.54
691   83.75529   -5.46870    0.26    9.31   63.85  324.59   10.14    1.74   12.03   15.66   45.87   10.99    1.27   12.03    2.01    3.42 -100.00 -100.00   11.50
699   83.75322   -4.89717    0.48   11.06   79.05  139.27   11.28    0.61   11.04   34.97   34.08   11.08    0.28   11.15    7.72    5.32   11.14    0.09    0.00
701   83.75135   -5.89591    0.58    9.56   41.91  185.83    8.65    1.56    8.73   18.99   55.52    8.34    0.95    7.41    9.27   10.78    7.64    0.31    8.04
702   83.72680   -4.96436    0.21   11.81   56.74  235.69   10.94    1.25   11.26   26.88   41.30   11.15    0.55   11.37    6.88    5.78   11.20    0.18   11.11
707   83.75019   -5.81241    0.47    8.31   46.35  191.29    8.38    1.50    8.51   22.05   58.28    7.55    0.84    7.19   11.23   10.25    7.16    0.23    7.23
721   83.67246   -5.69374    0.32    9.31   38.71  187.78    7.99    1.62    7.96   17.22   46.09    8.34    0.96    7.96    5.48    3.99    7.96    0.00    8.00
734   83.74316   -5.83421    0.55    8.56   42.44  172.19    8.12    1.30    7.19   18.15   54.92    7.76    0.86    7.19    7.59   10.55    7.14    0.24    7.40
750   83.82236   -5.58375    0.21    8.56   52.68  211.17    8.31    1.42    8.51   21.98   54.10    8.05    0.67    7.96    6.50    5.49    8.32    0.26    0.00
755   83.73468   -5.90930    0.37    8.31   37.20  154.14    8.50    1.32    8.29   20.00   50.24    8.38    0.75    8.95    8.91    9.62    8.56    0.41    8.26
768   83.78508   -6.00744    0.56    9.31   35.29  142.58    8.87    1.28    8.51   16.97   42.34    8.66    0.67    8.07    8.81    4.64    8.20    0.18    8.17
784   84.01330   -6.23102    0.13    8.81   40.18  142.35    8.64    1.14    8.84   20.20   45.44    8.69    0.65    8.62    7.09    6.73    8.62    0.21    8.72
790   83.80356   -4.93682    0.43   11.31   85.35  231.15   12.02    0.82   11.59   48.48   70.29   11.84    0.52   11.48    6.08    8.90   11.62    0.14   11.87
816   83.73568   -5.36760    0.10    9.56   64.81  288.59    9.77    1.36    9.50   28.29   64.62    9.54    0.70    8.95    6.38    5.57    8.95    0.00    9.52
835   83.65690   -5.69668    0.45    9.06   34.33  168.51    8.32    1.53    8.07   17.10   51.26    8.47    0.97    8.07    6.69    4.60    8.18    0.09    8.90
869   83.80022   -5.78781    0.16    6.56   21.12   98.64    8.54    1.53    6.53   13.14   21.75    8.15    1.90    6.42    3.72    2.51 -100.00 -100.00    9.01
871   83.72573   -5.80079    0.40    8.81   44.46  184.39    8.02    1.43    8.73   25.40   60.17    7.95    0.83    8.73    8.12    8.43    8.34    0.56    7.73
873   83.86276   -4.95504    0.67   12.31   71.63  202.38   11.94    0.79   11.48   44.30   82.62   11.73    0.61   11.48    8.86    9.48   11.32    0.24   11.65
879   83.80411   -6.02245    0.42    9.06   37.61  142.30    8.42    1.47    9.28   20.68   50.20    8.59    0.87    9.61    8.39    8.30    8.99    0.73    7.91
907   83.84457   -6.05341    0.95   10.06   34.30  150.35    8.44    1.60    9.17   16.17   47.84    8.49    0.93    8.18    9.67    8.36    8.31    0.24    8.57
