  5   83.84726   -5.02459    8.28   11.06   49.99 203104.50   11.11   11.04   32.95 69075.10   11.22   11.04   14.58 11308.47   11.20   11.12
  9   83.86135   -5.16620   11.10   10.31   78.31 442965.71   10.09   10.93   33.29 75283.84   10.96   11.04    8.03 10927.29   10.89   11.35
 10   83.82113   -5.32181    4.92    8.56  110.80 497720.05    8.93    8.73   48.86 141477.01    9.23    9.06   13.02 17375.33    9.27    9.86
 12   83.81898   -5.32483    3.84    9.31  115.11 456429.22    8.96    9.28   51.25 118282.32    9.26    9.39   14.45 15605.28    9.39    9.84
 16   83.81604   -5.33532    2.06    9.81  113.95 513097.08    9.14    9.50   42.33 118642.47    9.24    9.61    8.72 12699.01    9.35    9.69
 17   83.82469   -5.31807    2.93    8.81   97.11 472207.55    8.99    9.39   40.68 119220.24    9.51    9.39   10.91 14488.57    9.68    9.78
 18   83.81026   -5.31189    3.64   10.06   75.88 320050.15    9.15    9.39   30.66 76083.74    9.33    9.28    7.26 9165.02    9.46    9.77
 19   83.86445   -5.15861    3.11   10.31   75.13 413532.12   11.40   10.93   27.83 68087.80   11.14   11.37    5.50 7351.14   11.37   11.47
 21   83.84284   -5.01978    3.61   11.06   52.76 258924.17   10.63   11.04   32.21 70629.69   11.13   11.26   12.89 10708.27   11.24   11.12
 23   83.82478   -5.00483    2.49   11.06   56.63 251789.83   10.70   10.05   35.53 100460.25   10.75   11.15   14.69 20457.83   10.85   11.08
 30   83.83122   -5.25931    1.82   10.06   77.68 354516.32   10.27   10.38   31.13 80124.86   10.43   10.60    7.04 9559.45   10.78   10.59
 32   83.82470   -5.31361    2.94   10.06   92.47 508297.86    8.63   10.27   41.10 130295.18    9.39   10.16    9.54 16934.24    9.80    9.79
 33   83.85801   -5.09514    2.92   10.31   57.14 311420.01   10.47   11.48   31.79 66854.75   11.31   11.26    8.49 8575.96   11.36   11.45
 34   83.83522   -5.01365    4.37   11.06   56.84 262697.21   10.73   11.48   34.23 80137.13   10.90   11.15   17.19 15266.12   11.09   11.16
 35   83.85934   -5.06551    2.03   11.06   49.84 197632.10   11.12   10.38   26.08 60220.60   10.74   10.38    9.96 9681.87   10.42   10.67
 36   83.87365   -4.97983    1.84   12.06   53.04 181431.65   11.86   11.48   33.32 75623.39   12.00   12.14   11.67 12985.29   12.18   12.10
 39   83.85962   -5.17263    2.08   10.31   83.55 323984.45   10.53   10.82   31.95 61920.71   10.76   10.93    8.10 7425.49   10.73   11.21
 40   83.86029   -5.08760    3.89   10.31   54.07 233895.08   10.88   11.48   29.54 47972.87   11.26   11.37   10.82 8015.69   11.43   11.50
 41   83.78702   -5.93102    3.25    9.81   42.96 226291.09    8.48    7.96   18.65 66901.45    8.42    8.18    5.22 8904.73    8.18    7.25
 42   83.84709   -5.20066    1.48   10.31   90.49 297539.66   10.88   10.93   34.86 61041.47   10.91   11.26    6.18 8630.22   11.05   11.19
 43   83.78889   -5.33678    2.93    9.31   78.63 349202.81    9.02    8.07   23.78 61440.55    8.59    7.85    5.87 8241.59    7.96    8.08
 44   83.82886   -5.01357    1.41   10.81   55.61 251548.91   10.60   11.26   34.99 89378.99   10.84   11.04   16.79 17861.20   10.95   11.08
 47   83.85118   -5.14224    1.40   10.31   77.16 348349.35   10.85   11.15   33.88 76253.23   11.14   11.15    7.99 8057.41   11.14   11.66
 49   83.83959   -5.21998    2.99   10.31   86.03 367385.08   10.77   10.49   30.54 66246.40   10.79   10.60    5.09 7053.98   10.60   10.93
 50   83.85229   -5.13106    2.22   10.31   73.14 304917.49   11.11   11.15   28.92 69569.74   11.18   10.93    6.06 7943.18   11.34   11.74
 54   83.80960   -5.30330    1.91   10.06   72.39 296531.41    9.43   10.27   27.36 78528.31    9.59   10.27    6.70 10529.15   10.45   10.30
 55   83.83234   -5.21963    1.10   10.06   78.21 350069.81   10.32   10.16   23.49 57961.63   10.37   10.49    4.41 6325.71 -100.00   10.70
 56   83.82595   -5.00943    1.44   11.31   57.60 282781.42   10.56   10.93   36.74 96637.23   10.73   10.60   13.44 17321.38   10.86   11.07
 57   83.87378   -4.99644    0.69   11.56   55.48 175001.18   11.72   11.59   31.49 61688.15   11.72   11.37    7.55 8775.92   11.65   12.05
 58   83.84570   -5.21045    6.84   10.56   81.60 324530.05   10.88   10.71   39.54 67238.68   10.93   10.82    6.58 7278.10   10.81   10.96
 59   83.80631   -5.96555    1.74    9.81   45.27 229953.25    8.69    7.63   18.54 60605.04    8.47    7.74    7.30 7560.62    7.80    7.50
 63   83.74833   -5.35940    2.05    9.81   66.67 310502.44    9.14    8.51   28.40 71817.55    8.81    8.62   11.63 12189.25    8.57    8.62
 65   83.80722   -5.44595    7.74    8.81  127.94 685794.71    9.46    8.62   60.16 194303.88    9.42    8.29   13.92 20707.35    8.75    8.65
 68   83.86681   -5.17436    1.04   11.06   82.11 266867.72   10.82   11.04   33.49 61093.25   11.01   10.93    7.99 6252.44   11.13   11.19
 69   83.85507   -5.04317    1.04   11.06   49.21 168931.89   11.03   11.37   30.95 47476.35   11.14   11.04    9.14 5065.66   11.11   11.04
 70   83.73424   -5.76767    2.92    8.56   45.11 185486.14    8.37    8.40   26.91 64815.54    7.71    7.63    7.84 9938.32    7.82    7.46
 72   83.81564   -4.99858    1.11    9.81   55.68 254538.00   10.57   10.16   33.83 107039.28   10.66   11.15   14.94 16719.14   11.10   11.13
 73   83.78455   -5.59903    1.90    7.06   60.29 266632.88    7.89    8.18   32.58 85752.66    7.59    8.07   11.42 12620.94    8.00    7.85
 77   83.77707   -4.91264    0.68   11.31   91.85 233625.70   11.90   11.26   37.74 63423.30   11.90   11.37    7.18 6107.25   11.21   11.09
 81   83.67071   -5.52846    1.42   10.81   36.44 191126.78    8.78    6.75   20.05 41208.36    7.06    6.86    7.27 6849.22    7.02    6.86
 82   83.84701   -5.12541    2.39   10.31   70.16 282359.98   10.98   11.59   31.05 71659.75   11.22   11.48    9.22 9022.89   11.53   11.72
 83   83.77700   -4.94065    1.83   11.06   65.92 270860.95   11.75   11.04   41.05 73976.40   11.48   10.93    7.80 8712.71   10.99   11.12
 84   83.83829   -5.24769    1.59   10.31   76.91 330762.93   10.60   10.71   31.14 67833.72   10.53   10.49    7.15 4871.03   10.62   10.73
 91   83.77017   -5.40508    1.25    8.56   78.76 327750.48    8.64    8.40   30.19 68418.00    8.77    8.62    5.47 7030.01    8.62    8.47
 93   83.78789   -5.97440    1.34    9.06   34.63 183680.11    9.01    8.29   19.57 42797.64    8.52    7.96   11.66 9454.19    8.09    8.14
 95   83.80558   -4.99034    0.49    9.06   59.14 281494.80   10.43   10.93   35.91 103879.38   10.77   11.15   18.74 11828.75   11.12   11.21
 97   83.77125   -5.62290    1.08    7.31   55.63 256203.73    8.03    8.51   30.41 73134.33    7.98    8.51   11.41 10341.94    8.57    8.49
 99   84.04762   -6.17912    1.92    9.06   44.71 151000.71    8.53    8.51   20.15 40231.19    8.49    8.18    7.64 4786.64    8.29    8.05
100   83.85114   -5.20867    1.68   10.31   97.43 345046.17   10.98   10.38   30.92 63531.03   10.73   10.49    5.20 5332.05   10.49   10.89
101   83.86029   -5.10059    2.45   10.81   58.87 255960.84   10.91   11.26   34.95 68201.47   11.23   11.37   12.60 10554.48   11.38   11.44
105   83.84746   -5.11968    2.03   10.56   66.58 309270.71   10.41   11.26   29.57 64109.22   11.13   11.59    6.62 6074.86   11.55   11.45
107   83.76559   -5.30012    0.73   10.31   46.88 292412.88   10.04    7.85   16.28 45005.76    8.72    7.74    6.38 6069.17    7.74    7.91
108   83.84002   -5.24101    2.25   10.56   82.42 313503.93   10.64   10.82   31.45 69977.38   10.77   10.82    7.73 6882.56   10.73   10.67
109   83.84306   -5.17037    0.66   10.06   67.91 313154.00   10.19   11.15   28.24 52640.82   11.00   11.26    9.82 7923.81   11.25   11.52
110   83.88081   -5.01031    0.52   11.31   53.00 177444.92   11.52   11.37   26.98 60079.34   11.60   11.15    5.65 6193.66   11.15   13.10
114   83.80598   -5.45109    1.91    8.56  108.28 626618.83    9.07    8.51   45.42 176706.33    9.26    8.51    9.00 19771.26    8.56    8.71
116   83.85353   -5.13791    1.03   10.31   80.83 307926.83   11.14   10.93   34.84 69637.48   11.11   10.93    8.47 7380.86   11.13   11.68
117   83.70287   -4.92851    0.60   10.56   53.82 212959.10   10.94   10.49   25.74 48974.95   10.27   10.38    9.22 8283.99   10.56     nan
121   83.96774   -6.16719    0.87    8.81   40.97 161421.54    8.25    8.29   19.83 46441.83    8.35    8.07    8.23 9309.76    8.43    8.38
122   83.77141   -5.57990    1.13    7.56   64.50 322546.39    7.74    7.30   35.55 105480.83    7.35    7.19    8.17 8512.81    7.08    7.12
125   83.86634   -5.11958    0.65   10.31   65.16 325760.52   10.70   11.59   31.97 68777.00   11.04   11.48    9.30 8275.81   11.55   11.72
127   83.78911   -5.31285    1.11    9.56   67.31 325558.29    9.34    8.95   20.94 57229.73    9.26    9.06    4.77 4811.50 -100.00    8.89
128   83.75322   -5.27003    0.52    9.81   43.63 237076.99    9.26    9.61   25.35 54057.70    9.42    9.50    8.68 8404.12    9.46    9.54
129   83.88409   -5.09695    3.30   11.06   64.53 325289.98   11.55   11.81   34.62 81496.82   11.83   12.36   13.18 13007.18   12.22   12.08
130   83.87380   -4.97238    1.74   12.31   61.64 181676.92   11.80   11.81   36.54 69598.41   11.90   11.70   14.73 10622.83   11.81   11.62
133   84.15429   -6.25039    0.83    7.31   32.30 140844.96    7.66    7.74   17.88 41266.18    7.62    7.63    7.83 10379.13    7.68    7.35
134   83.80037   -5.57433    0.90    8.06   69.28 301925.60    7.69    7.85   33.80 81927.63    7.46    8.07   13.18 12898.68    7.91    8.13
137   83.86283   -5.19270    0.74   10.81   83.51 281807.41   11.10   10.82   35.33 57187.62   10.78   11.04    7.66 4935.29   10.99   11.02
139   83.84413   -5.11082    0.61   10.56   58.56 241280.10   10.49   10.93   36.13 61011.43   11.14   10.82   10.57 9953.60   11.12   11.05
142   83.88501   -5.10955    0.45   11.06   59.27 278829.49   10.80   11.59   28.49 56078.38   11.54   11.48    7.84 6425.39   11.63   11.75
144   83.83382   -5.08503    1.75   10.81   49.02 301796.21    9.75   11.15   32.89 106428.06   10.50   10.38    9.39 16956.09   10.51   10.91
147   83.82629   -5.20081    0.31    9.81   61.75 278049.70   10.21   10.71   27.94 56000.84   10.43   10.71    6.12 6017.51   10.71   10.69
153   83.78853   -5.86895    1.75    8.56   42.80 179574.72    7.99    7.19   17.63 40249.10    7.46    7.08    5.53 6881.92    7.03    6.94
154   83.73949   -5.76451    1.02    8.31   42.69 193612.88    8.34    8.51   24.36 68916.30    7.66    8.51    6.00 9673.51    7.32    7.34
161   83.87602   -5.10059    0.72   11.06   61.15 334194.47   10.64   11.81   34.60 67566.11   11.47   11.81   12.75 12662.70   11.82   11.95
164   83.75679   -5.25595    1.10    9.81   46.92 215541.17    9.03    9.39   27.22 64742.32    9.18    9.06   11.82 12262.82    8.94    9.14
165   83.68338   -5.69030    1.20    9.31   31.53 188871.64    8.01    7.85   16.08 52747.92    8.42    7.63    7.83 7603.39    7.63    7.67
166   83.86629   -5.06040    0.61   10.31   49.38 187221.02   10.87   10.93   32.05 59863.49   10.87   10.82   13.14 10398.97   10.84   10.93
167   83.86085   -5.06032    1.95   10.81   49.16 164399.69   11.02   11.04   27.78 54242.91   10.91   10.82   10.43 9502.29   10.81   10.95
169   83.76035   -5.41373    0.66    9.06   64.39 333368.68    9.45    9.06   26.00 93648.79    9.39    8.18    5.95 10901.46    8.51    9.03
170   83.82585   -5.22697    0.31   10.06   72.55 323583.71   10.23   10.71   26.75 50832.13   10.37   10.60    6.08 4568.67   10.44   10.75
172   83.78475   -5.85627    1.78    8.56   49.00 186147.54    7.99    6.86   19.65 37564.34    7.06    6.75    8.66 4000.01    6.79    6.67
174   83.76215   -5.60311    1.68    7.81   60.79 256730.39    7.91    7.52   34.51 94131.31    7.49    7.08   16.59 15195.12    7.16    7.11
177   83.85584   -5.09951    0.67   10.81   55.75 265777.98   10.73   11.26   33.10 64183.22   11.14   11.26    7.94 8455.94   11.35   11.42
179   83.85463   -5.25948    0.27   10.06   87.61 325222.61   10.28   10.16   30.12 61281.62   10.30   10.82    4.77 3786.75 -100.00   10.37
180   83.82183   -5.07955    0.54   11.31   52.07 251882.09   10.20   10.27   37.54 111413.63   10.19    9.61    9.12 15083.12   10.35   10.08
181   83.89253   -4.99704    0.61   11.56   51.83 139184.19   11.42   11.59   29.81 43377.99   11.48   11.70    7.36 5114.93   11.75   11.67
182   83.77374   -4.90811    2.41   11.31   80.46 234405.60   11.84   11.15   36.24 61160.26   11.71   11.26    5.76 1285.09   11.26   10.94
189   83.72439   -5.77180    2.04    8.31   47.35 180566.98    8.24    8.40   24.34 57173.10    8.05    8.29    9.40 10052.89    8.22    8.17
191   83.75644   -5.30353    0.31    9.81   53.02 275204.53    9.50    8.73   20.40 48759.10    9.01    8.73    6.41 6544.20    8.62    8.52
192   83.86733   -5.08365    0.55   11.56   54.75 211411.61   11.49   11.37   30.69 55860.11   11.43   11.37    8.58 5360.15   11.38   11.43
193   83.82760   -5.23540    0.63   10.56   76.88 341204.50   10.24   10.71   28.50 59121.43   10.44   10.71    7.63 8353.91   10.76   10.71
194   83.79358   -5.92738    1.51    8.31   42.68 212157.77    8.67    7.96   17.04 50872.86    8.38    7.85    4.34 5444.97 -100.00    7.42
197   83.87226   -5.20200    1.25   11.06   79.80 237721.62   10.91   10.49   29.21 46656.09   10.66   10.60    6.37 7418.97   10.44   10.52
198   83.77046   -4.95716    1.52   10.06   62.75 270775.13   11.35   11.48   34.51 89220.26   11.04   11.48   11.40 11650.35   11.29   11.46
199   83.80018   -5.95131    1.49    9.81   44.46 227884.33    8.68    7.96   18.53 57468.82    8.60    7.96    5.10 7254.22    7.96    7.75
203   83.82688   -5.08047    0.58   11.31   50.76 248637.75   10.34    9.72   35.02 112215.29   10.25    9.06    7.71 17462.36   10.18    9.74
207   83.76871   -4.92399    0.42   11.81   92.07 280874.89   12.02   11.15   39.29 63628.09   11.79   11.26    7.88 5842.81   11.06   11.12
208   83.78403   -4.93252    0.32   11.56   88.94 295682.57   11.81   11.04   58.00 99995.60   11.52   11.15    6.95 7485.47   11.12   11.16
211   83.72458   -4.95249    0.98   11.06   54.87 210572.72   10.95   10.82   28.93 44269.74   10.87   10.71   12.93 5639.75   10.87   10.91
213   83.92177   -5.04128    0.94   11.31   44.64 118117.63   11.26   11.70   19.64 27061.69   11.61   11.92    4.94 4093.87 -100.00   11.98
220   83.75208   -5.66773    0.73    7.56   48.30 221996.74    8.22    7.96   25.59 74786.59    8.09    8.18    6.16 10127.79    7.75    8.47
221   83.73876   -5.34577    0.72    9.31   63.87 324327.25    9.28    8.29   27.80 81149.28    8.76    8.51   10.50 12197.35    8.63    8.55
223   83.75273   -4.97396    0.28   12.82   66.95 268930.47   11.44   10.82   21.88 51080.61   11.45   10.60    6.37 6837.56   10.66   10.84
225   83.78123   -5.94482    0.88    9.56   38.86 184229.06    8.59    8.51   20.87 41100.64    8.58    8.18    8.56 7668.57    8.43    8.22
226   83.76019   -5.63125    0.69    7.81   58.91 241069.75    8.13    8.73   26.13 69600.00    7.89    7.08    8.76 8469.58    7.82    8.70
228   83.75243   -5.36597    0.56    9.56   74.17 320971.64    9.08    8.51   27.28 84685.11    8.62    8.29    7.29 10746.59    8.40    8.68
231   83.79408   -4.99982    1.21   11.56   54.70 269987.36   10.34   11.48   34.58 96402.71   10.54   11.37    9.27 14734.92   11.05   10.59
232   83.82275   -4.94168    0.32   12.57   65.49 181692.39   12.17   12.36   37.48 64232.43   12.29   12.69   10.00 6565.99   12.61   12.65
234   83.78691   -5.88847    0.81    8.56   40.21 202793.13    7.67    8.29   13.71 34329.00    7.74    7.74    4.33 3759.44 -100.00    7.79
235   83.74957   -5.33127    0.29   10.06   52.90 293092.24    9.08    7.19   17.61 43907.00    8.39    7.19    4.43 5422.73 -100.00    7.66
239   83.75886   -5.29740    0.34    9.81   52.15 292626.89    9.75    8.51   18.26 46135.73    9.04    8.51    6.24 5326.06    8.46    8.59
240   83.71620   -4.93830    0.26   11.06   56.24 196711.99   11.36   10.93   27.15 42236.33   10.77   10.71    7.84 5044.63   10.88   11.04
241   83.77792   -4.93596    0.46   11.31   71.64 278469.01   11.79   10.82   46.50 78386.39   11.38   11.04    8.10 10051.60   10.87   11.09
245   83.82808   -5.06771    0.22   11.06   49.15 247194.21   11.07    9.72   26.50 77208.01   10.68    9.72    7.44 7398.30   10.33   10.12
246   83.87723   -5.87634    1.10    7.31   27.72 118620.95    8.13    7.63   19.27 43694.57    7.89    7.85    7.17 5797.83    7.72    7.30
247   83.81210   -5.27932    0.49   10.06   74.69 294211.50    9.80    9.83   29.28 73895.84    9.84   10.49    6.60 6801.59    9.93   10.42
249   83.84900   -5.09092    0.30   10.81   51.30 265330.88   10.38   10.82   30.75 58561.74   10.96   10.71    8.39 6657.79   10.81   11.32
250   83.87190   -4.99081    1.65   11.81   52.56 165068.17   11.93   11.70   33.15 61759.30   11.91   12.03   11.96 10971.77   11.95   11.79
254   83.90602   -6.16198    0.45    9.31   31.98 136926.48    8.65    9.39   15.26 39985.80    8.46    9.39    4.35 4363.57 -100.00    7.18
256   83.79314   -5.27891    0.46   10.56   67.21 299630.60    9.78    9.50   30.13 87865.65    9.63    9.28    8.14 12744.22    9.20    9.35
257   83.75793   -5.23305    0.44   10.81   51.49 239343.12    9.77    9.94   27.42 66289.59    9.81    9.61   10.00 9607.05    9.79    9.86
259   83.74219   -5.33073    0.29   10.56   44.37 268144.28    8.96    7.74   18.00 43473.81    8.50    7.74    4.90 4004.85 -100.00    8.20
260   83.81226   -5.26960    0.67   10.06   74.37 300868.38    9.75   10.38   31.65 77040.05   10.06   10.49    7.38 8680.59   10.42   10.39
264   83.75742   -5.92680    4.16    8.81   38.77 177269.08    8.66    8.07   17.91 41792.84    8.23    8.07    9.27 6601.51    8.08    8.04
265   84.10731   -6.23729    0.94    8.81   38.29 140287.24    8.03    8.40   19.02 43251.45    8.24    8.07    7.85 7780.41    8.28    7.99
266   83.91805   -5.11422    0.32   11.06   49.56 206225.79   11.65   12.58   21.50 48757.43   12.14   12.47    6.90 8019.06   12.47   12.36
269   83.83881   -5.17787    0.71   10.81   62.54 346447.84   10.44   11.37   30.72 59448.36   11.34   11.15    7.81 6586.45   11.31   11.51
274   83.70746   -5.77024    0.59    7.81   40.81 169952.77    8.17    9.06   21.42 56362.51    8.42    8.84    8.36 8717.90    8.80    8.26
282   84.09522   -6.21789    0.39    9.31   45.40 148157.78    8.35    8.73   18.55 46511.46    8.69    8.95    6.73 7286.46    8.39    8.05
283   83.85865   -5.87194    1.11    8.31   27.82 107766.72    8.57    7.52   18.12 35896.47    7.68    7.85   10.79 9582.49    7.58    7.43
287   83.66783   -5.52075    0.89   10.06   37.53 197793.63    8.57    7.08   17.89 41836.57    7.84    6.64    6.17 4070.85    6.80    6.94
291   83.77259   -5.30811    0.18   10.06   52.89 257570.25    9.67    9.39   16.67 49970.89    9.73    9.61    4.22 5446.44 -100.00    0.00
292   83.88603   -5.15899    0.27   11.06   76.68 228394.36   11.15   11.26   39.60 56447.59   11.15   11.04   10.75 8324.56   11.10   11.06
293   83.90896   -5.01580    0.40   11.06   45.25 120336.31   11.47   11.59   24.58 31406.91   11.47   11.59    6.73 3656.18   11.54   11.54
294   84.10313   -6.23431    3.60    9.06   39.31 148456.20    8.18    8.51   19.41 43733.26    8.38    8.51    9.15 10591.47    8.29    7.96
300   83.88596   -5.16940    0.29   11.56   73.37 189217.89   10.94   11.04   27.10 43712.50   10.95   11.04    7.20 5901.11   10.90   11.08
302   83.82228   -5.04308    0.56   11.81   46.67 226259.32   10.96   11.15   34.94 74862.98   10.92   10.71    9.23 10679.57   10.72   10.78
306   83.77675   -5.28182    0.31   10.56   61.20 278090.59    9.41    9.50   26.49 54794.82    9.48    9.28    6.82 5376.72    9.32    9.40
310   83.76282   -5.46122    0.17    9.81   65.53 362484.08   10.32   10.60   18.43 64029.12   10.70   11.15    2.83 5289.60 -100.00   11.06
312   83.71450   -5.64783    0.80    8.06   38.25 215867.05    8.14    7.96   19.33 52117.61    7.77    7.63   11.17 8967.49    7.67    7.84
317   83.75261   -5.32364    0.59   10.06   65.37 326269.12    9.20    8.07   20.30 59735.81    8.64    8.18    6.31 6362.13    8.13    0.00
319   83.70721   -4.91835    0.28   10.81   49.12 164883.48   10.98   10.82   23.81 35091.21   10.78   10.71    8.72 3478.12   10.79     nan
323   83.81324   -5.28590    0.21   10.31   74.66 312120.24    9.86   10.16   26.82 76558.14    9.84    9.06    5.39 8359.33    9.06   10.02
327   83.87514   -5.08087    0.41   11.06   53.37 159923.20   11.28   11.26   32.09 44462.77   11.27   11.37   11.11 7045.57   11.26   11.33
330   83.81624   -5.25487    1.71   10.06   81.29 327819.96    9.95   10.27   35.64 72675.84   10.05   10.16    8.44 8370.42   10.15   10.31
331   83.82015   -5.24576    0.25   10.06   79.27 355879.13    9.87   10.16   32.30 71823.56   10.16   10.16    8.05 9891.27   10.27    9.95
342   83.79221   -5.63126    1.75    8.31   55.49 206898.88    8.41    8.18   20.92 47726.58    7.72    7.41   10.87 11093.77    7.49    7.62
353   83.73182   -5.33475    0.10    9.81   54.11 296307.23    9.30    9.06   23.23 53121.58    9.23    8.95    5.41 5797.95    9.21    0.00
355   83.91499   -5.10713    1.54   11.31   62.24 188855.57   11.46   11.37   34.78 50770.95   11.54   11.48   10.37 9300.71   11.40   11.66
357   84.08591   -6.22051    0.32    9.31   45.46 152399.90    8.41    9.06   19.84 45811.78    8.65    8.51   10.19 9578.09    8.39    8.46
361   83.68854   -5.73855    0.73    8.81   38.00 157299.34    8.57    9.17   20.65 46090.40    8.75    8.95   10.57 3817.95    8.99    8.96
362   83.75024   -5.64903    0.72    7.06   52.76 236035.55    8.31    7.08   24.24 69525.16    8.05    8.95   11.69 12825.52    8.33    8.96
363   83.72537   -5.62012    0.32    7.56   53.08 238383.23    7.86    6.42   21.06 71895.10    7.52    6.20    7.71 9150.95    6.46    6.32
367   83.82254   -5.18514    0.14   10.31   66.65 308077.45   10.34   11.04   29.04 57515.59   10.64   11.04    8.73 7801.15   11.15   11.22
371   83.73876   -5.69251    1.48    7.81   44.67 197020.77    8.23    7.30   24.30 72349.88    8.37    8.84    9.13 11412.66    8.52    8.02
387   83.70517   -5.69387    0.19    8.81   39.31 201664.34    8.28    8.95   17.86 56780.08    8.22    7.19    8.00 7560.90    7.19    7.67
390   83.89300   -5.08923    0.12   11.06   63.91 276129.14   12.09   11.70   34.28 71167.22   11.54   11.59    7.34 9082.96   11.65   11.72
391   83.79428   -4.97123    0.11   11.06   56.08 223343.90   11.10   11.26   39.03 89865.98   11.02   10.93   16.86 15085.71   10.95   11.15
401   83.76262   -4.98428    0.34   12.31   64.28 241730.33   11.44   10.38   24.52 53617.02   11.23   10.27    7.66 4893.68   10.42   10.43
402   83.71703   -4.94449    0.47   11.06   57.40 172455.11   10.97   10.93   28.70 37726.18   10.77   10.93    9.67 5830.61   10.97   11.00
405   83.74210   -5.70125    1.13    7.81   50.38 182394.10    8.12    7.19   21.98 73379.96    8.10    8.84   10.44 13534.98    8.21    8.73
407   83.75100   -5.41395    0.85   10.06   55.14 304012.84   10.16    9.28   20.76 78876.76   10.10    9.50    4.60 7382.88 -100.00   10.65
413   83.73518   -5.56496    0.76    8.06   52.87 234662.58    8.39    7.19   18.48 48676.74    7.75    6.42    4.85 5747.02 -100.00    6.61
420   83.74128   -5.72616    0.17    7.81   46.26 156810.39    8.16    8.07   25.27 65851.22    7.96    7.30    6.53 9970.88    8.06    7.05
422   83.89687   -5.17238    0.29   10.81   61.43 182878.48   10.73   10.71   26.64 37691.98   10.83   10.71    5.65 2736.57   10.71   10.79
431   83.75942   -5.63871    0.49    7.56   63.29 240500.70    8.32    7.30   25.84 75676.52    7.94    8.84    7.82 11671.40    7.87    8.72
432   83.79646   -5.62771    0.45    8.31   53.74 208838.71    8.44    7.85   19.37 49317.42    7.78    7.41    7.00 8149.95    7.43    7.65
434   83.73855   -4.95586    0.18   12.06   54.34 229877.92   11.42   11.26   25.30 46841.30   11.16   10.71    6.58 5366.16   10.94   10.90
440   83.78488   -5.96492    0.86    9.06   35.95 179616.91    8.75    8.51   19.13 40250.59    8.39    8.07   12.46 9403.24    8.13    8.10
441   83.71771   -5.73641    0.81    7.81   48.28 164388.24    8.18    7.85   25.48 68176.24    8.22    9.06    8.06 14831.77    8.21    8.04
461   83.80562   -5.16646    0.22   10.31   75.60 303011.02   10.26   10.60   40.37 82499.67   10.49   10.71   10.22 6808.94   10.85   10.63
462   83.90534   -5.10844    0.44   11.56   62.32 187387.73   11.48   11.59   36.62 57209.86   11.59   11.48    9.89 6814.39   11.63   11.61
463   83.87745   -5.04815    0.28   10.31   42.69 120952.98   10.80   10.60   27.09 40969.89   10.70   10.38   12.39 8160.49   10.45   10.73
464   83.77074   -4.94613    0.40   10.81   60.54 314332.10   11.14   10.93   37.03 80611.33   10.99   10.82    9.04 7674.48   10.84   11.06
469   83.80346   -5.92901    0.33    8.56   42.66 200279.45    8.60    7.52   16.43 38323.86    7.76    7.41    5.00 2989.30 -100.00    7.53
470   83.74294   -5.68198    0.68    7.06   39.37 195404.84    8.21    8.62   21.15 68310.81    8.35    8.73   11.22 12355.05    8.54    7.88
471   83.81435   -5.55115    0.88    7.06   62.29 244585.14    7.73    6.97   34.23 68646.69    7.31    7.19    9.70 7956.86    7.13    0.00
478   83.82794   -5.93413    0.60    8.06   44.89 167535.05    8.52    6.75   13.56 29670.75    7.51    6.53    3.40 5468.17 -100.00    6.78
486   83.92940   -5.09902    0.16   10.81   61.11 189912.93   11.39   11.04   28.68 49422.98   11.23   10.82    6.93 3452.46   10.99    0.00
493   84.15930   -6.26998    0.14    8.56   33.50 132710.68    8.05    8.51   20.32 36033.91    8.34    8.51    6.84 5045.63    8.46    0.00
498   83.77784   -5.26313    0.52   10.06   65.67 308423.71    9.34    9.50   30.66 75511.68    9.69    9.50    8.96 10261.41    9.81    0.00
500   83.90644   -5.09942    0.36   11.06   63.53 213995.23   11.35   11.37   32.95 61367.48   11.45   11.15    8.78 7971.98   11.29   11.37
508   83.88870   -6.10200    0.10    9.06   42.25 165421.26    8.37    8.95   20.41 57602.45    8.26    8.84    4.16 6663.61 -100.00    8.80
518   83.89446   -5.18567    0.09   10.31   72.89 183911.25   10.57   10.38   35.65 44800.65   10.57   10.60    6.85 3733.25   10.49    0.00
524   83.75788   -5.88522    0.26    9.31   37.22 195507.22    8.50    7.52   18.44 48632.86    7.96    7.41    7.14 7846.21    7.36    7.69
535   83.92459   -6.12882    0.56    9.31   39.12 143371.01    8.36    9.28   18.23 54487.66    8.13    7.52    4.68 9147.54 -100.00    8.23
537   83.78815   -5.91879    0.35    8.31   40.53 208780.31    8.69    7.96   18.18 45408.23    8.24    7.96    5.30 4887.18    7.96    7.62
538   83.71536   -5.70617    0.29    7.56   39.85 176488.44    8.36    9.17   20.83 57737.66    8.33    7.74    8.17 10296.86    8.07    8.37
539   83.95736   -5.51178    0.28    7.31   80.29 330680.29    9.49    7.41   20.69 36848.31    8.41    7.19    2.30 1801.12 -100.00    0.00
540   83.72819   -5.40841    0.17   11.31   49.05 279188.78   11.05   11.81   24.29 74763.40   11.89   11.59    4.76 9600.07 -100.00   11.75
543   83.87811   -5.12074    0.29   10.81   74.33 225855.56   11.03   11.26   33.06 47477.23   11.28   11.48    9.85 6747.57   11.38   11.48
545   83.76186   -4.93142    0.18   10.81   62.11 231747.48   11.65   11.04   34.34 50334.23   11.37   11.15    5.61 4541.72   11.01   10.92
546   83.73587   -4.90142    0.10   11.06   56.64 88305.22   11.17   11.15   29.67 24896.58   11.11   11.15    6.39 5097.72   11.18   11.19
551   83.88134   -5.89270    1.13    7.06   31.62 135469.30    8.13    7.30   17.82 35780.58    7.34    7.30    7.38 3953.35    7.41    7.64
554   83.75212   -5.30263    0.68    9.31   52.50 276592.08    9.49    8.95   21.95 51932.65    9.10    8.62    7.30 6354.36    8.57    0.00
570   84.16045   -6.26304    0.45    8.56   33.26 139359.91    7.97    8.40   17.55 40233.71    8.16    8.18    6.73 5184.40    8.12    0.00
571   84.01832   -6.16034    0.22    8.56   43.60 152028.50    8.45    8.62   22.50 43583.02    8.46    8.40    6.44 6497.37    8.18    8.42
572   83.72882   -5.72719    1.79    7.81   46.26 164424.96    8.17    7.74   26.97 67875.81    8.21    7.74   13.02 17328.16    8.34    8.60
584   83.85491   -5.98366    0.31    8.31   32.83 161956.88    7.82    7.30   14.84 43812.23    7.49    7.19    7.02 6512.88    7.09    7.15
586   83.67780   -5.47204    0.58    8.56   40.25 166919.40    8.63    8.51   19.76 46740.69    8.34    7.96    6.63 5252.96    7.96    7.93
588   83.92395   -5.08629    0.10   11.06   55.39 177808.76   11.78   10.93   26.30 37042.30   11.29   11.04    5.93 5320.95   10.99    0.00
592   83.86800   -5.99738    0.55    8.06   33.03 174778.88    7.99    7.08   13.45 44064.88    7.00    6.53    4.06 4893.99 -100.00    7.02
594   83.70678   -5.74392    0.37    7.56   39.32 171462.08    8.27    8.84   22.62 58816.46    8.47    8.51    9.35 11733.22    8.82    9.03
595   83.69590   -5.70022    0.39    9.06   38.64 164073.86    8.40    7.85   18.38 51069.13    8.18    7.74    8.59 7566.01    7.74    7.91
601   83.64971   -5.68440    0.25    8.81   30.48 129409.67    8.44    9.50   17.10 43198.00    8.60    7.85    5.27 6094.39    7.85    0.00
603   83.87687   -5.06588    0.49   11.06   51.10 162052.36   11.04   10.82   30.86 45424.47   10.87   10.93    8.24 7557.78   10.82   10.88
610   84.12174   -6.25239    0.81    8.31   37.44 143755.98    8.15    8.18   18.02 35502.51    8.17    7.96    9.55 5678.28    8.06    8.19
611   83.82141   -5.99614    0.43   10.06   39.57 173463.66    8.40    8.40   18.32 50725.21    8.59    7.63    7.19 7046.47    7.84    7.50
612   83.68629   -5.78575    1.56    8.81   37.39 156570.51    8.37    9.17   21.39 50960.82    8.76    8.84    7.23 8336.94    9.12    9.00
616   83.87311   -5.05444    0.26   10.31   47.75 154907.18   10.75   10.38   27.00 45985.28   10.60   10.38   10.92 9840.48   10.36   10.62
622   83.76991   -5.92961    0.40    9.56   35.86 176617.26    8.73    8.73   18.19 40928.42    8.48    8.29   10.74 4774.81    8.24    8.33
623   83.71152   -5.71424    0.86    9.06   39.89 164760.45    8.51    8.84   21.76 57911.79    8.50    8.73   10.27 12434.09    8.22    8.28
630   83.81553   -5.05844    0.13   11.06   49.28 242291.53   10.85   10.38   33.97 68913.33   10.60   10.27    9.96 9563.64   10.36    0.00
632   83.93491   -6.13118    0.58    9.31   35.11 131196.78    8.39    9.28   15.89 48546.00    8.09    7.74    8.80 8031.93    7.80    7.61
637   83.80293   -5.21256    0.12   10.56   61.95 306073.66    9.85   10.27   25.24 76334.90    9.51   10.38    5.59 8632.37    9.98    0.00
648   83.80923   -5.17569    0.19   10.31   61.88 290707.34   10.02   10.49   34.67 77519.82   10.49   10.93    9.07 7896.27   10.87   10.79
686   83.73658   -5.80658    0.22    9.06   39.33 187892.11    8.18    7.08   19.47 54460.03    7.79    7.08    8.68 10256.07    7.45    7.54
691   83.75529   -5.46870    0.26    9.31   63.85 324593.60   10.14   12.03   15.66 45867.33   10.99   12.03    2.01 3424.96 -100.00   11.50
699   83.75322   -4.89717    0.48   11.06   79.05 139270.81   11.28   11.04   34.97 34082.13   11.08   11.15    7.72 5316.28   11.14    0.00
701   83.75135   -5.89591    0.58    9.56   41.91 185833.28    8.65    8.73   18.99 55522.30    8.34    7.41    9.27 10784.87    7.64    8.04
702   83.72680   -4.96436    0.21   11.81   56.74 235693.82   10.94   11.26   26.88 41301.12   11.15   11.37    6.88 5777.43   11.20   11.11
707   83.75019   -5.81241    0.47    8.31   46.35 191293.85    8.38    8.51   22.05 58281.89    7.55    7.19   11.23 10252.05    7.16    7.23
721   83.67246   -5.69374    0.32    9.31   38.71 187778.69    7.99    7.96   17.22 46090.87    8.34    7.96    5.48 3986.63    7.96    8.00
734   83.74316   -5.83421    0.55    8.56   42.44 172193.94    8.12    7.19   18.15 54921.44    7.76    7.19    7.59 10549.01    7.14    7.40
750   83.82236   -5.58375    0.21    8.56   52.68 211165.24    8.31    8.51   21.98 54095.54    8.05    7.96    6.50 5487.29    8.32    0.00
755   83.73468   -5.90930    0.37    8.31   37.20 154144.67    8.50    8.29   20.00 50237.16    8.38    8.95    8.91 9623.63    8.56    8.26
768   83.78508   -6.00744    0.56    9.31   35.29 142582.76    8.87    8.51   16.97 42337.80    8.66    8.07    8.81 4639.65    8.20    8.17
784   84.01330   -6.23102    0.13    8.81   40.18 142352.46    8.64    8.84   20.20 45439.07    8.69    8.62    7.09 6726.20    8.62    8.72
790   83.80356   -4.93682    0.43   11.31   85.35 231148.31   12.02   11.59   48.48 70288.67   11.84   11.48    6.08 8896.31   11.62   11.87
816   83.73568   -5.36760    0.10    9.56   64.81 288589.67    9.77    9.50   28.29 64616.92    9.54    8.95    6.38 5567.27    8.95    9.52
835   83.65690   -5.69668    0.45    9.06   34.33 168506.72    8.32    8.07   17.10 51261.35    8.47    8.07    6.69 4603.92    8.18    8.90
869   83.80022   -5.78781    0.16    6.56   21.12 98639.58    8.54    6.53   13.14 21754.43    8.15    6.42    3.72 2510.27 -100.00    9.01
871   83.72573   -5.80079    0.40    8.81   44.46 184389.26    8.02    8.73   25.40 60170.47    7.95    8.73    8.12 8431.96    8.34    7.73
873   83.86276   -4.95504    0.67   12.31   71.63 202379.95   11.94   11.48   44.30 82619.92   11.73   11.48    8.86 9480.96   11.32   11.65
879   83.80411   -6.02245    0.42    9.06   37.61 142302.89    8.42    9.28   20.68 50199.97    8.59    9.61    8.39 8297.13    8.99    7.91
907   83.84457   -6.05341    0.95   10.06   34.30 150349.60    8.44    9.17   16.17 47837.21    8.49    8.18    9.67 8356.44    8.31    8.57
